3 0.34254807692307687 0.5144230769230769 0.2704326923076923 0.125
3 0.3473557692307692 0.59375 0.24278846153846156 0.09735576923076927
3 0.32932692307692313 0.6754807692307693 0.21514423076923084 0.09975961538461542
3 0.30048076923076933 0.7704326923076923 0.24639423076923073 0.09735576923076927
3 0.3088942307692307 0.40384615384615385 0.2079326923076923 0.12019230769230771
5 0.48197115384615385 0.420673076923077 0.06370192307692313 0.07211538461538464
5 0.532451923076923 0.5841346153846154 0.06129807692307687 0.05769230769230771
5 0.4927884615384616 0.6634615384615385 0.06610576923076927 0.055288461538461564
5 0.4747596153846154 0.7487980769230769 0.05889423076923084 0.06971153846153844
2 0.5456730769230769 0.5072115384615384 0.06370192307692302 0.07451923076923078
