4 0.5288461538461539 0.29927884615384615 0.04807692307692313 0.03846153846153849
4 0.5961538461538461 0.35697115384615385 0.06370192307692313 0.04567307692307693
4 0.5901442307692307 0.4891826923076923 0.05168269230769229 0.05048076923076922
4 0.5697115384615384 0.46514423076923084 0.05168269230769229 0.027644230769230782
4 0.49879807692307687 0.5564903846153846 0.046875 0.03125
4 0.5300480769230769 0.6033653846153846 0.050480769230769273 0.04086538461538458
4 0.5480769230769231 0.6418269230769231 0.0625 0.038461538461538436
4 0.5973557692307692 0.6983173076923077 0.05649038461538458 0.050480769230769273
4 0.4435096153846154 0.35216346153846156 0.2235576923076923 0.1322115384615385
4 0.3990384615384616 0.28846153846153844 0.16346153846153844 0.06850961538461542
4 0.4158653846153846 0.4170673076923077 0.1826923076923077 0.05288461538461536
4 0.43028846153846156 0.49038461538461536 0.1923076923076923 0.11298076923076927
4 0.4110576923076923 0.5841346153846154 0.15264423076923084 0.055288461538461564
4 0.4182692307692307 0.6286057692307694 0.17788461538461542 0.06610576923076927
4 0.4483173076923077 0.6947115384615384 0.20673076923076916 0.11418269230769229
