1 0.18870192307692307 0.08653846153846154 0.16225961538461542 0.05288461538461538
1 0.19831730769230768 0.14182692307692307 0.16826923076923078 0.05769230769230771
1 0.20192307692307693 0.2283653846153846 0.11778846153846156 0.06129807692307693
1 0.21153846153846154 0.30528846153846156 0.11057692307692307 0.05288461538461536
1 0.22115384615384615 0.5949519230769231 0.0925480769230769 0.05288461538461542
1 0.2223557692307692 0.5360576923076923 0.06850961538461536 0.027644230769230727
1 0.22596153846153844 0.4495192307692308 0.08774038461538458 0.03125
1 0.234375 0.3786057692307692 0.07211538461538458 0.02644230769230771
1 0.2403846153846154 0.484375 0.09735576923076922 0.04326923076923078
1 0.2403846153846154 0.6754807692307693 0.07211538461538464 0.02524038461538458
1 0.24879807692307693 0.3497596153846154 0.07451923076923075 0.030048076923076927
1 0.25600961538461536 0.6983173076923077 0.0612980769230769 0.027644230769230727
