4 0.27538739283750957 0.35190399286695656 0.031333046189989444 0.03222656631441767
4 0.5043679120311458 0.37673038820475013 0.034019506462499516 0.035806546711356135
4 0.4954638959684829 0.41877387608942784 0.03133641756097527 0.03580401818311668
4 0.4411058230162466 0.6290005867830284 0.02864237170374684 0.024174771081605484
4 0.4456391653726136 0.6942848691730523 0.023280408114430884 0.028641528861000243
4 0.6653878026752056 0.413247558164548 0.055483374831946985 0.03493241197009689
3 0.3397832121595842 0.35363203412355937 0.0814308578357188 0.046583572983016575
3 0.7208130213576454 0.3863644128990238 0.10112791418222533 0.06896118970280785
3 0.5669783767898569 0.3820375670155448 0.09575415079445848 0.06090686594175615
3 0.563438010002003 0.4213929089422197 0.09395109653341871 0.04570100981429254
