2 0.087435755470672 0.37289531985283 0.10860552341795426 0.09575186126408042
2 0.2949052426573712 0.4716796998650667 0.06145162105928448 0.06627174436698702
2 0.32200848829363504 0.45093690451969604 0.05113748138873331 0.052744189157967525
2 0.6631468198012958 0.45257854453669033 0.06097026887703749 0.04972331449239792
2 0.7583575495823179 0.48184787499306575 0.07142881420226277 0.06821539866379422
4 0.18782180065478865 0.4520024808058718 0.07142881420226266 0.06821539866379411
4 0.4272926816540847 0.47553051732304297 0.051185616606958084 0.05439903214542641
4 0.5339246611248261 0.4537885264775402 0.061066539313486934 0.05303300046731574
4 0.883048396260433 0.46559990051041145 0.08301271511447517 0.06855234519136716
4 0.9861012159425565 0.4761663603546728 0.027797568114886984 0.060566941563420795
