4 0.438393933977868 0.22244391042843165 0.06438610909985865 0.05183040024615573
4 0.4429845160298357 0.38359248245982736 0.07122720775943847 0.053290480825577025
4 0.48681993986200833 0.4493403493044923 0.06292602852043738 0.04498930158657599
4 0.5149716136912326 0.5756573277434802 0.06471970121382353 0.04319562889318995
4 0.6814134187753599 0.769021074710158 0.07299349116387766 0.0819618546308084
3 0.41360241373995366 0.2682671922999198 0.13153927794605091 0.10642786023864531
3 0.3973143355708566 0.3706894868476862 0.11630675469674223 0.10644155488311868
3 0.4428886535185216 0.5004407092609374 0.1097363920893466 0.07565661091500991
3 0.4745237327393167 0.6486645135518312 0.15263951280199195 0.10331351373387321
3 0.5313959417910799 0.803423213677287 0.22628649354932573 0.18323834890805846
