1 0.4891826923076923 0.7175480769230769 0.03725961538461542 0.07932692307692302
1 0.15264423076923073 0.7019230769230769 0.04206730769230771 0.06971153846153844
1 0.5745192307692308 0.6995192307692308 0.06610576923076916 0.12139423076923073
1 0.4314903846153846 0.6971153846153846 0.03605769230769229 0.07451923076923084
1 0.751201923076923 0.6959134615384616 0.05769230769230771 0.10096153846153855
1 0.6814903846153846 0.6911057692307693 0.050480769230769273 0.08293269230769229
1 0.8701923076923077 0.6911057692307692 0.05288461538461542 0.08774038461538458
1 0.06370192307692318 0.6790865384615384 0.038461538461538436 0.06730769230769229
1 0.40745192307692313 0.6670673076923077 0.06129807692307687 0.11298076923076916
1 0.19350961538461542 0.6550480769230769 0.05769230769230771 0.08774038461538458
