4 0.4411057692307693 0.6983173076923077 0.17307692307692313 0.10576923076923084
4 0.375 0.8810096153846154 0.08173076923076916 0.06971153846153844
4 0.5060096153846154 0.4242788461538461 0.02163461538461542 0.024038461538461564
3 0.484375 0.8954326923076923 0.17548076923076916 0.10336538461538458
3 0.5108173076923077 0.6814903846153846 0.3377403846153846 0.20432692307692302
3 0.5661057692307693 0.49879807692307687 0.04206730769230771 0.04086538461538458
3 0.5456730769230769 0.4170673076923077 0.06610576923076927 0.05288461538461542
3 0.5444711538461539 0.2776442307692307 0.05168269230769229 0.03125
3 0.5528846153846154 0.23798076923076927 0.058894230769230727 0.03125
3 0.5612980769230769 0.22475961538461542 0.046875 0.02163461538461542
