2 0.2932692307692308 0.6117788461538461 0.12860576923076925 0.13942307692307687
2 0.5240384615384616 0.5276442307692308 0.06129807692307687 0.06610576923076927
2 0.8713942307692307 0.53125 0.05769230769230771 0.06610576923076916
2 0.4014423076923077 0.5072115384615384 0.03125 0.03846153846153855
2 0.4567307692307693 0.48677884615384615 0.027644230769230782 0.030048076923076872
2 0.7776442307692306 0.516826923076923 0.038461538461538436 0.04567307692307687
2 0.5901442307692307 0.40625000000000006 0.04567307692307687 0.058894230769230727
0 0.04326923076923077 0.5240384615384617 0.046875 0.03725961538461531
5 0.36538461538461536 0.5504807692307693 0.04206730769230771 0.07692307692307687
1 0.16105769230769232 0.5240384615384616 0.0625 0.09375
1 0.9242788461538461 0.4939903846153845 0.07331730769230771 0.12379807692307698
