5 0.7074315191758491 0.4631440518056196 0.06207106568395304 0.055146690341133175
5 0.7073607910848718 0.5029246100643512 0.05381147775285433 0.03996272706721454
5 0.6505779117273036 0.5792237717831346 0.04775264932788692 0.04602155549218201
5 0.693712273271962 0.5703861337961266 0.03606700185387268 0.03606700185387268
5 0.6636725562125967 0.6576303163547904 0.03604893778962548 0.03518339087177291
5 0.6772518741005404 0.6732643530688769 0.04735523991444934 0.026582113885989633
5 0.4784182827318485 0.5898151521681286 0.05916733583819389 0.04272194439899657
5 0.4947764101818328 0.6548952757513011 0.04955599942058053 0.04782490558487551
4 0.49652862441380763 0.7406055410149675 0.04782490558487562 0.04955599942058064
4 0.6748028021929829 0.7696682704389748 0.038988795763879036 0.049375358778108835
4 0.6469803805379846 0.8356515972345055 0.053974054331078936 0.047915225906111414
4 0.6756126287520825 0.7228007602591989 0.04670646176756288 0.03805099258903799
4 0.6755765006235883 0.7210335382949995 0.04753588055692093 0.035418223706985996
4 0.6914211934445951 0.544797543443731 0.04198131776486269 0.022939285572108004
4 0.7220043605973868 0.5273766925351868 0.03235191728300246 0.027158635775887507
3 0.5455500688091409 0.457613665741854 0.2036671197568749 0.1119191464645109
3 0.5345704480067773 0.5259046082629877 0.14552637924874667 0.033005279927923126
3 0.5436067907005041 0.5787586906107425 0.12686369240518247 0.07060314274477053
3 0.5460981034006013 0.6573820039533643 0.14637539026836333 0.07453499608660685
3 0.5403313563356111 0.7644615093656468 0.15901690498146592 0.08804205771756168
3 0.5056206874662872 0.8394254584961515 0.17773531218378302 0.0963739019056491
3 0.2888182105975908 0.5256247522311013 0.2287695085406084 0.1300971599054247
3 0.3660612881552608 0.7583004092192418 0.19385707863254298 0.10730238684729398
3 0.3641103692165671 0.6628704231524793 0.15804297367813047 0.08360593874281663
