0 0.5803204847777133 0.7354539086041232 0.0398249945628385 0.049628185789227675
0 0.4470107941318949 0.7805059569276376 0.05685531610384953 0.06502464212584058
0 0.602652417242708 0.7165872728650996 0.048054604492653086 0.06711636521063191
0 0.5413293247976945 0.7302969041041496 0.05074879188184811 0.062185848312635295
0 0.3002252838636625 0.8134606419463571 0.059694109917054816 0.071131166347842
0 0.6466294953521077 0.6930455291148585 0.059665188632252564 0.06892375812384233
0 0.677762139428299 0.664631111036225 0.05069094931224405 0.05777103186463606
3 0.30697746693035355 0.6604215596938935 0.14256131089658286 0.22643305805568947
3 0.4358144985585687 0.6131910244311815 0.13697292846279852 0.24208492327908154
3 0.5530409460471841 0.5727562415492806 0.1434770266573695 0.21209936524209316
3 0.3465686498765561 0.643044182735258 0.11761951355857958 0.2178299127616682
3 0.3877647767423549 0.6195313602698189 0.1535140295003945 0.24119812880309682
3 0.24123711669912112 0.6505364872895376 0.15959163243759378 0.24182951439230238
3 0.6283506758881698 0.5132886192342029 0.15087524334258406 0.22930077315369685
3 0.4808494575145455 0.5576538807371274 0.15199340809698458 0.23041893790809764
0 0.3637003833012912 0.8194755196375132 0.05803132342785444 0.07055762332824056
0 0.40194447255289634 0.8062840301866803 0.04988847735244595 0.0596916685788349
0 0.48726228395210486 0.7731342201890055 0.053042963960253764 0.06883699426943612
