4 0.7798133337056458 0.6623411365844234 0.08143242189492983 0.11212739526031579
4 0.6916170867063549 0.8037927165881114 0.04876102111029945 0.053711823266006986
4 0.6598502506745322 0.782754240828254 0.039190119183105 0.04810156306337843
4 0.5535224563515215 0.7537704920766986 0.04411303835320757 0.052034321802339245
4 0.4833345444044153 0.747502720548668 0.040317747820751815 0.04823903126988349
4 0.47101038490407765 0.6796258318480649 0.07279786114918618 0.0777486633048936
4 0.24848496837528505 0.7120060935631957 0.0407580354258722 0.042738356288155366
4 0.1425715253933093 0.7265595740747411 0.0319023575168087 0.03388267837909176
4 0.06902666379734862 0.6821177800588327 0.03894306575569939 0.036962744893416555
3 0.8414963662274364 0.5130798050740231 0.1924542313386458 0.32117508738703837
3 0.47185723696415605 0.5412582118017403 0.13530764963152775 0.19867791722458233
3 0.7118826257553522 0.7032684166454444 0.06966008194213247 0.13402050996632864
3 0.6642472865611802 0.6997500092475184 0.06996290134074779 0.12739220634695358
3 0.5748060388172651 0.6636697862858623 0.09235012290157174 0.13789750273407986
3 0.4970833117764571 0.6816599719600385 0.060475648370367785 0.09513126346031975
3 0.27235451050054227 0.6382420615254343 0.07098094475749428 0.11751848502114381
3 0.16591907767815056 0.6664645538952454 0.0656735039534807 0.10131927947457409
3 0.0759000741226098 0.6257363481764973 0.06740677138835816 0.08820014044232949
