3 0.7366913340191907 0.5481320775593488 0.034438943652864484 0.04142623480224128
3 0.6568100416473375 0.7018903896201854 0.03761702392259447 0.03499678974157816
3 0.38827188824231257 0.6215504367338389 0.04923260621136116 0.07106789105316358
3 0.354865875552035 0.7021017112951349 0.03622714704762886 0.058062431889431054
3 0.31637544023576847 0.728651522324039 0.047833252642758506 0.0670483033035445
3 0.1736464342940735 0.6935116373729258 0.05269434787226668 0.07627645550141315
4 0.18128380944064137 0.6408776234953538 0.025873825978695697 0.03373452852174452
4 0.31751008580047024 0.6812579768084992 0.027305083461081514 0.029051906248425685
4 0.38028357004413166 0.5761459947893988 0.02457966084507912 0.030693540600783664
1 0.34981335683982895 0.6570128346556532 0.023738153365189918 0.022864741971517888
