4 0.78125 0.5060096153846154 0.05288461538461542 0.04807692307692302
4 0.6382211538461539 0.4963942307692308 0.04567307692307687 0.050480769230769273
4 0.6262019230769231 0.5300480769230769 0.03485576923076916 0.04326923076923084
4 0.548076923076923 0.5252403846153846 0.04206730769230771 0.04567307692307698
4 0.49879807692307687 0.5432692307692308 0.04206730769230771 0.04086538461538469
4 0.4182692307692307 0.5264423076923077 0.03605769230769229 0.04086538461538458
4 0.29447115384615385 0.5841346153846154 0.06730769230769229 0.07692307692307698
3 0.7884615384615384 0.38221153846153844 0.08894230769230771 0.16586538461538458
3 0.6346153846153847 0.3870192307692307 0.08293269230769229 0.15625
3 0.5420673076923077 0.40504807692307687 0.078125 0.171875
3 0.49879807692307687 0.4362980769230769 0.05288461538461542 0.14182692307692302
3 0.42307692307692313 0.4519230769230768 0.046875 0.10096153846153844
3 0.3786057692307693 0.4122596153846154 0.07211538461538458 0.15985576923076916
3 0.2848557692307693 0.43629807692307687 0.10817307692307687 0.21875
3 0.6045673076923077 0.4326923076923077 0.03485576923076916 0.125
