2 0.9487651639899226 0.4117261398696771 0.07072047104020884 0.12392917472165027
4 0.8664056819112471 0.39835403004092357 0.08616828749344296 0.11417286837841212
4 0.8051540027790398 0.45715183583611085 0.07530912131794976 0.09771278602592509
4 0.7114548381603825 0.39977195100789364 0.06456417720195473 0.07203206543794644
4 0.5751500868730013 0.4030332159073655 0.055662577018461445 0.0649974373134512
4 0.524710317663295 0.4053688902676041 0.041479098709972906 0.056414875181956314
2 0.4676573663773419 0.4216950410070792 0.037859376651474985 0.050928181064460676
4 0.4024630085616562 0.38282339845635116 0.04531545082421884 0.0537168250897096
4 0.36240580773593656 0.40710584928657245 0.05481968492196465 0.07722334962993987
4 0.24030816288354018 0.42536985646453385 0.07438744935169894 0.08838973979418341
