3 0.44846279730969013 0.2911895104807856 0.41052493266481116 0.23022987244877902
3 0.4801768757609943 0.4799335712935735 0.369900833390441 0.2193247391440844
3 0.43593870631123643 0.6394392034144831 0.3544960288731802 0.191041716039964
3 0.5239433357206515 0.7442141269842519 0.1321107202019447 0.0796072136555177
3 0.5263214847621975 0.8002159832804656 0.1462575763859002 0.05313814968091668
3 0.6145311561992801 0.83929594970761 0.16312537126413396 0.07099657675813942
4 0.7274248414529565 0.33127330851868664 0.12025018130949205 0.12619397450342718
4 0.7391614808039946 0.4534424801195084 0.12405609410077989 0.0854214383402015
4 0.6841936624338149 0.5934782579133666 0.09808643578358 0.1248335051562881
4 0.6212360022170962 0.7414202249195343 0.04269719542239203 0.04467845982037044
4 0.6329185465772988 0.7936727735632721 0.05165880108831622 0.05364006548629474
