3 0.14997954816900555 0.6591581176825075 0.14983219636762202 0.24379947607210628
3 0.2900659330064257 0.5963164028483554 0.1577501908444745 0.22903571337891065
3 0.40596235151723686 0.6861788968092409 0.12776608274838586 0.2282138645014553
3 0.5282730139920178 0.6028455355970292 0.11206558239303077 0.14122784161166368
3 0.6627449177147184 0.6232016933767391 0.1432368055343326 0.185360068850136
4 0.1720707202455657 0.46138643020139775 0.0888123537285812 0.08233185167999635
4 0.30305199556092005 0.42663474832536924 0.07354635005471855 0.07192622454257225
4 0.4191767054265799 0.5081683233706747 0.08196658551223823 0.07548608346365304
4 0.5303512084284209 0.46620560711054526 0.06651794875449624 0.058417321193765026
2 0.6701857296682276 0.47337246943823613 0.06476084842944096 0.0550400953565634
