4 0.6924417121189886 0.2058639244103261 0.183386207022189 0.20391759113248714
4 0.7026831052198118 0.41342954955309946 0.10331316804914503 0.114368528723921
4 0.6401288805967618 0.4956698603448624 0.058412247136196305 0.06315025885395736
4 0.6395004477600867 0.6953979443199791 0.2147479870509108 0.19658560879949316
4 0.5139420690012821 0.8026351565129326 0.1275285004821506 0.1283181691017775
3 0.39546961357919874 0.13728052224607062 0.4090747803973054 0.27456104449214125
3 0.5455936109978916 0.3546694636585387 0.22819206859410446 0.1760739396987323
3 0.5502957084032317 0.4809421667054744 0.12083198239913862 0.10109026690846751
3 0.29405825433521093 0.5916337785199948 0.5302384022519246 0.4125777779275238
3 0.33161450931893544 0.7783758101160639 0.26891158200112497 0.20178974933284244
