5 0.31971153846153844 0.6598557692307692 0.12019230769230771 0.05288461538461531
5 0.14423076923076922 0.5564903846153846 0.06971153846153844 0.050480769230769273
5 0.12139423076923078 0.7091346153846153 0.07932692307692302 0.06370192307692313
4 0.25120192307692313 0.34374999999999994 0.10336538461538458 0.09735576923076927
4 0.15024038461538458 0.4314903846153846 0.05048076923076916 0.04206730769230771
0 0.23197115384615385 0.8918269230769231 0.04567307692307687 0.027644230769230727
0 0.14423076923076916 0.8209134615384616 0.03125 0.02043269230769229
0 0.14182692307692313 0.8533653846153846 0.02163461538461542 0.016826923076923017
3 0.36658653846153844 0.7788461538461539 0.21995192307692313 0.17067307692307687
3 0.21274038461538458 0.7307692307692308 0.12019230769230771 0.08774038461538469
3 0.1959134615384615 0.9543269230769231 0.06971153846153844 0.07211538461538458
3 0.2764423076923077 0.8605769230769231 0.08173076923076916 0.055288461538461564
3 0.22596153846153844 0.5901442307692308 0.1454326923076923 0.078125
3 0.35096153846153844 0.22235576923076927 0.2391826923076923 0.1670673076923077
3 0.25240384615384615 0.15264423076923073 0.07692307692307687 0.078125
3 0.22475961538461542 0.4338942307692307 0.10576923076923084 0.078125
3 0.19350961538461536 0.5120192307692308 0.04807692307692302 0.038461538461538436
