3 0.4086423488873013 0.21712627639108092 0.25834460209139054 0.12521538545279548
3 0.4718547490691643 0.17299917649401853 0.17176442988827734 0.06929980809340375
3 0.4668789131693929 0.295985188490159 0.27202962919485607 0.1179587380288416
3 0.46531918234081654 0.42614749711321875 0.34565208442322637 0.16540410009793777
3 0.4932774901399388 0.36918320643696556 0.3123986140138997 0.1418735500049128
3 0.47459498207916406 0.5375912752323976 0.4068834312115077 0.22738336383362673
3 0.4762040744975623 0.8663224976548649 0.30718276396187716 0.12244727795214116
3 0.5367709698520287 0.7156841654233197 0.4814145049813553 0.23534982928417691
5 0.1502523802031296 0.4564617760392943 0.1402519987202815 0.14473950040472833
4 0.20682010808847334 0.16998067245258552 0.08791530450385954 0.09315072313571429
5 0.1401616518670552 0.6029371244910897 0.16442950814499424 0.18163159793537476
5 0.12815065235460144 0.7443789695424693 0.12100703508026434 0.11577161644840928
5 0.19943670503585076 0.3751190989457417 0.11922789691812175 0.10576539186478079
4 0.2508658189496482 0.25476213791372393 0.11219273330543933 0.08601564014616506
2 0.25662559423993386 0.3120911218931912 0.12092564604437672 0.09549646983251031
