3 0.4567307692307692 0.47836538461538464 0.423076923076923 0.23076923076923073
3 0.4579326923076923 0.8557692307692307 0.3810096153846154 0.1670673076923077
3 0.4963942307692307 0.2716346153846154 0.35817307692307687 0.19711538461538464
3 0.5252403846153846 0.7127403846153846 0.420673076923077 0.20432692307692302
3 0.5360576923076923 0.12620192307692307 0.4122596153846154 0.19110576923076922
5 0.11899038461538461 0.4675480769230769 0.10096153846153848 0.11298076923076927
5 0.15745192307692307 0.8365384615384616 0.0997596153846154 0.11418269230769229
5 0.203125 0.09254807692307693 0.11899038461538458 0.12860576923076922
2 0.20432692307692307 0.2692307692307692 0.09254807692307696 0.10817307692307696
4 0.20673076923076922 0.6862980769230769 0.10817307692307696 0.13221153846153844
