4 0.2740474418421611 0.1771343187698769 0.05750914069685131 0.06539957389787157
4 0.43185968433844285 0.24806704568347915 0.03528641054865467 0.03331380224839975
4 0.5099621382015109 0.40851440766679403 0.04386143714828661 0.041888828848031634
4 0.43562852650668443 0.6430987139387718 0.04309656647306481 0.04408287062319227
4 0.27641187897920555 0.9594077923299473 0.06306437592441572 0.038406772171227344
4 0.3592835098017516 0.9889928373503478 0.04881325087281918 0.02201432529930436
3 0.37223767376201083 0.2565018107037852 0.0953918740226879 0.07467948687000986
3 0.4621757774266091 0.3997991194878364 0.08230790064833471 0.0606092093455291
3 0.3899559302303328 0.652720923610216 0.07904727744643614 0.08101988574669117
3 0.4102800670220989 0.13717661765534112 0.07484004142323053 0.058072870871062596
