5 0.3473557692307692 0.03365384615384615 0.024038461538461564 0.026442307692307696
4 0.3810096153846155 0.3185096153846153 0.06971153846153844 0.06610576923076922
4 0.36658653846153844 0.389423076923077 0.03605769230769229 0.04567307692307693
4 0.3846153846153846 0.5901442307692308 0.07211538461538458 0.06610576923076927
4 0.4338942307692308 0.7307692307692306 0.06971153846153844 0.06971153846153844
4 0.42307692307692313 0.8389423076923077 0.0625 0.08413461538461542
2 0.3653846153846155 0.5324519230769231 0.038461538461538436 0.038461538461538436
2 0.37500000000000006 0.6730769230769231 0.058894230769230727 0.04807692307692313
2 0.4278846153846154 0.9122596153846154 0.04206730769230771 0.046875
3 0.28846153846153844 0.03245192307692308 0.07932692307692313 0.04807692307692309
3 0.22235576923076927 0.2980769230769231 0.2451923076923077 0.10817307692307696
3 0.2704326923076923 0.38341346153846156 0.14423076923076916 0.05168269230769229
3 0.28365384615384615 0.528846153846154 0.12019230769230771 0.055288461538461564
3 0.2139423076923077 0.5913461538461539 0.24399038461538458 0.12379807692307687
3 0.2608173076923077 0.7451923076923077 0.24038461538461542 0.14663461538461542
3 0.25721153846153844 0.6634615384615384 0.17307692307692313 0.06850961538461542
3 0.22716346153846156 0.8629807692307693 0.2704326923076923 0.11057692307692313
3 0.32451923076923067 0.9194711538461539 0.14423076923076927 0.08293269230769229
