4 0.8810096153846154 0.3762019230769231 0.11778846153846156 0.125
4 0.7752403846153846 0.33653846153846156 0.08653846153846156 0.10336538461538458
0 0.6334134615384616 0.36899038461538464 0.09254807692307687 0.09855769230769229
4 0.46875 0.3810096153846154 0.10336538461538458 0.12139423076923078
4 0.3689903846153846 0.3497596153846153 0.10336538461538458 0.09975961538461536
0 0.2704326923076923 0.4158653846153846 0.10336538461538458 0.12379807692307693
4 0.20072115384615385 0.3341346153846154 0.12620192307692313 0.12620192307692307
3 0.6418269230769231 0.6370192307692307 0.17548076923076916 0.3509615384615385
3 0.4807692307692307 0.6286057692307694 0.13461538461538458 0.3221153846153847
3 0.35697115384615385 0.6286057692307694 0.12019230769230771 0.3473557692307693
3 0.25961538461538464 0.6490384615384616 0.10576923076923073 0.34375
3 0.17067307692307687 0.6658653846153846 0.16225961538461542 0.423076923076923
