0 0.5721153846153846 0.39903846153846156 0.0625 0.05528846153846151
0 0.5637019230769231 0.2427884615384615 0.07451923076923073 0.07331730769230768
0 0.5877403846153846 0.20552884615384615 0.050480769230769273 0.05168269230769229
0 0.5649038461538461 0.329326923076923 0.03605769230769229 0.03485576923076922
0 0.5504807692307692 0.4471153846153847 0.038461538461538436 0.04086538461538464
0 0.5348557692307692 0.5637019230769231 0.04326923076923084 0.046875
0 0.546875 0.6646634615384616 0.03725961538461542 0.03605769230769229
0 0.5168269230769231 0.7151442307692307 0.055288461538461564 0.04807692307692313
3 0.37740384615384615 0.23197115384615388 0.2704326923076923 0.1322115384615385
3 0.3954326923076923 0.405048076923077 0.23076923076923084 0.11899038461538464
3 0.43028846153846156 0.5709134615384616 0.14182692307692313 0.07932692307692313
3 0.4050480769230769 0.7139423076923077 0.16346153846153844 0.09735576923076927
3 0.4939903846153846 0.6634615384615383 0.08413461538461542 0.038461538461538436
3 0.4495192307692307 0.45673076923076916 0.14182692307692313 0.06610576923076922
3 0.5036057692307693 0.18870192307692307 0.07331730769230771 0.03725961538461539
3 0.46153846153846156 0.3269230769230769 0.12019230769230771 0.06971153846153844
