3 0.28846153846153844 0.3557692307692308 0.15024038461538458 0.08894230769230771
3 0.2932692307692307 0.5084134615384616 0.13461538461538458 0.09855769230769229
3 0.7379807692307692 0.2608173076923077 0.09014423076923073 0.058894230769230754
3 0.78125 0.45913461538461536 0.10336538461538458 0.055288461538461564
3 0.5901442307692307 0.7463942307692306 0.11057692307692313 0.07451923076923073
4 0.7848557692307692 0.28125 0.06610576923076927 0.05048076923076922
4 0.8365384615384616 0.454326923076923 0.06971153846153855 0.05048076923076922
4 0.6129807692307693 0.7367788461538461 0.07692307692307687 0.06129807692307687
2 0.39543269230769224 0.3389423076923077 0.050480769230769273 0.046875
2 0.3677884615384616 0.5625 0.043269230769230727 0.04086538461538458
