2 0.6316778124110067 0.0969586504995717 0.09117136790596614 0.08987480664313557
2 0.5621265544225214 0.21566804649283866 0.08689735037879276 0.07652486027614866
2 0.561306916248627 0.3329929161678792 0.07110709012264582 0.07629333517396791
2 0.6002036506804517 0.7436230235882335 0.08979609017745593 0.07683047754915096
2 0.6386651841301543 0.830427784616772 0.07560800845714188 0.07820113098280268
2 0.6858275612707048 0.9441593391866069 0.07850674825580528 0.07850674825580506
4 0.57757409959371 0.4455853424062429 0.08270204931729896 0.07751580426597698
4 0.562487663233822 0.5526905306151404 0.08384580194362823 0.07476987310381489
4 0.6172719750199961 0.627515998710344 0.07598771790096559 0.06820835032398276
3 0.42578857024023575 0.10401096925291461 0.2671656088608141 0.16862695288569612
3 0.36150227376875205 0.23095815873266803 0.28653993563245017 0.16207005440072214
3 0.359080457059025 0.346986467144878 0.28096935684244606 0.1500166692965657
3 0.3561261222689731 0.4718638035895789 0.32483478756107687 0.17184055854707797
3 0.35606590298272606 0.5685918774009743 0.2774547582029202 0.11668116161193831
3 0.39658804087776484 0.6610413093903381 0.3204820535682239 0.1441497218232759
3 0.41369335957617487 0.7676834473948742 0.2674666018389581 0.14429328187006052
3 0.4471214566110567 0.8623462924660753 0.26342410941396543 0.14673359575922063
3 0.49024134132661457 0.954101455740312 0.2773065738612772 0.09179708851937585
