4 0.7632211538461539 0.8365384615384615 0.08293269230769229 0.06850961538461531
4 0.7475961538461539 0.7524038461538461 0.08653846153846145 0.07692307692307687
4 0.75 0.6454326923076923 0.08413461538461542 0.08173076923076916
4 0.7463942307692308 0.5612980769230769 0.08774038461538469 0.06971153846153844
4 0.8100961538461539 0.4314903846153846 0.09855769230769229 0.08894230769230771
4 0.7512019230769231 0.4723557692307693 0.043269230769230727 0.03605769230769229
4 0.8581730769230769 0.3377403846153846 0.11538461538461542 0.09375
4 0.7680288461538461 0.2860576923076923 0.08653846153846145 0.05288461538461542
4 0.7716346153846154 0.21875 0.06129807692307698 0.05288461538461542
4 0.7211538461538461 0.16586538461538458 0.08653846153846145 0.06850961538461542
3 0.5997596153846154 0.8377403846153846 0.20913461538461542 0.10336538461538458
3 0.5865384615384616 0.7379807692307692 0.22475961538461542 0.09975961538461531
3 0.5697115384615384 0.6418269230769231 0.20432692307692313 0.09254807692307698
3 0.5709134615384616 0.5564903846153846 0.23557692307692313 0.109375
3 0.579326923076923 0.47716346153846156 0.20432692307692313 0.07331730769230771
3 0.5769230769230769 0.4254807692307693 0.2692307692307693 0.09375
3 0.5769230769230769 0.32572115384615385 0.3064903846153847 0.1610576923076923
3 0.6322115384615384 0.22115384615384615 0.1454326923076923 0.06730769230769229
3 0.5348557692307692 0.1514423076923077 0.22235576923076927 0.125
