5 0.929134105582021 0.5740246246202781 0.07487579136647482 0.0829997864917662
5 0.8374430220001283 0.49387865915436424 0.08705745625399264 0.08357574405743945
5 0.8046374237140314 0.5992881810860762 0.06306167360823589 0.06770395653697381
5 0.7198258683783842 0.5448831821646148 0.07429983380080174 0.07081812160424805
5 0.6118088941383667 0.7284997265673082 0.03798056077631795 0.04494398516942488
5 0.42054310482751783 0.7332232457813888 0.05233288603615793 0.059296310429264754
5 0.4031578507857459 0.9096186816110718 0.03703705608136565 0.047482192671025825
5 0.2451317918354582 0.8116879524322735 0.05806049915105693 0.0615422113476104
5 0.33446111581031057 0.7962010232427632 0.04841704176514017 0.060022749086984795
0 0.6924555766239306 0.6579073266011304 0.058277565188289304 0.06291984811702711
0 0.5160341739917335 0.7210009627511995 0.04972809358937136 0.04276466919626454
0 0.4819781130872714 0.6571868836827295 0.06574170660104606 0.07618684319070612
4 0.157790684599048 0.7322684256240797 0.07683804130240235 0.06987461690929575
4 0.27857993263241393 0.7372376375394252 0.06233523495051563 0.07161980080799146
4 0.7836545987870115 0.690128311720716 0.05740930103936037 0.05740930103936037
4 0.6150329221550166 0.6235156811092226 0.06552464056381346 0.07480920642128941
3 0.7939372628059864 0.2804867853859866 0.2135716575407388 0.34935843320632215
3 0.6731972885161299 0.34751357700874974 0.1850088325122673 0.3300801740353265
3 0.6666826475376447 0.5391382578480398 0.11559431447995006 0.179425704750096
3 0.579625191283652 0.47943977788614367 0.13529805012457197 0.23626770382462103
3 0.45650614618507906 0.5044862683147097 0.14153503585995864 0.23322012370253214
3 0.35021104890276217 0.5198227164121733 0.16841926193491974 0.28447633515336723
3 0.2620249844584183 0.587367536256262 0.13935571988679862 0.24496765651558572
3 0.14036747227612362 0.5768877772632498 0.15965272429876987 0.26294351946318795
3 0.22080308446377445 0.7110452277188322 0.10030714012599573 0.14208768648463677
3 0.328108271386229 0.7110798501221842 0.1127811115967694 0.13599252624045888
3 0.5006890702934317 0.6415321621994962 0.09458818261193469 0.1143178850590707
