4 0.405048076923077 0.8197115384615384 0.10456730769230771 0.109375
4 0.5036057692307693 0.6875 0.07331730769230771 0.078125
4 0.5516826923076923 0.6298076923076923 0.0625 0.05288461538461542
4 0.5901442307692307 0.5552884615384617 0.03605769230769229 0.034855769230769273
4 0.5949519230769231 0.3389423076923077 0.050480769230769273 0.04086538461538458
3 0.6502403846153846 0.8737980769230769 0.3545673076923077 0.21754807692307698
3 0.7091346153846154 0.7211538461538461 0.2920673076923077 0.1298076923076923
3 0.6850961538461537 0.6370192307692308 0.19471153846153844 0.06610576923076916
3 0.6887019230769231 0.5697115384615383 0.12860576923076916 0.058894230769230727
3 0.6971153846153846 0.33894230769230776 0.13701923076923084 0.07451923076923073
3 0.6334134615384616 0.29567307692307687 0.10456730769230771 0.05649038461538458
