4 0.542941651760644 0.10367436247365353 0.08284446352152053 0.1011296157386719
4 0.5135290952181759 0.25781857914245687 0.11355716474031718 0.1111191444446969
4 0.5033914805168629 0.46994393432975223 0.09444562742506202 0.11394978979002329
4 0.4484855263981157 0.7105073749661242 0.08650972096468901 0.10723289347746034
4 0.42727923183851735 0.7772014430446634 0.08912759978568596 0.07693749830758512
4 0.39612454357158544 0.8221249599882599 0.05149346272973521 0.05758851346878591
4 0.40031292259140766 0.9244324508760506 0.07692927130784677 0.079367291603467
4 0.5018867963159434 0.3186221360065372 0.05636950332097568 0.05271247287754549
4 0.5802407527650557 0.020183768525239603 0.06289008710868549 0.040367537050479206
4 0.41021195430031215 0.9903272179680853 0.06897691084799773 0.019345564063829368
4 0.4376131590646835 0.5738219254163683 0.06389633073216594 0.05658226984530523
4 0.41234075501247247 0.6384788252487321 0.0584066715671514 0.05718766141934106
4 0.44736410477830013 0.8396577701049514 0.03887782820297514 0.047410899237645854
5 0.4839015012136499 0.9291779949403437 0.035613422809251394 0.034394412661441276
3 0.33777064040945565 0.07270141789343448 0.28952129454249265 0.14540283578686897
3 0.3022548061281988 0.20130921682593136 0.288473915920321 0.16413488084369227
3 0.3030071482286586 0.27697011598753885 0.2123545757111014 0.08070147974761219
3 0.3947114918366503 0.30612877100698627 0.15378449961804985 0.07089180956696395
3 0.46350967962813516 0.018727310853885303 0.13936914436865844 0.037454621707770606
3 0.2803114879987531 0.42481474239270023 0.31858945256481974 0.1893743768969507
3 0.3428489495875591 0.5558471282515414 0.14791044240306717 0.09793102634285356
3 0.20465768036801996 0.6682088283743988 0.3222547100079881 0.19547765463573918
3 0.21993942024534197 0.8854394446767404 0.2728395505231196 0.1911658706198437
3 0.29708968507725697 0.8035365442496585 0.15564180933884875 0.10322437298301479
3 0.3205283249390197 0.9755310104341628 0.14627412620633606 0.048937979131674414
3 0.33593574075014326 0.5534008809561828 0.16417488037351913 0.09469130194834441
3 0.28545674864362663 0.6013595827696971 0.1859207505092476 0.08108587779758025
