0 0.7616552807496992 0.45103210024360213 0.07293462248886418 0.06856860298925882
0 0.7483934012525204 0.41447335404605545 0.06392446879989777 0.0559200997172879
0 0.6640522670195554 0.21716051283372276 0.06822191208466732 0.06894958200126816
5 0.6935133742490069 0.3904373880599474 0.062434840859278085 0.06607319044228255
5 0.7138081263298568 0.37531633097927897 0.05883077938369152 0.061013789133494256
5 0.699483315380625 0.33188472336601144 0.07365086303632573 0.07074018336992216
5 0.6860118974085267 0.24723880599669706 0.057432586396186314 0.0479728774803746
5 0.670334610948347 0.17415560170902183 0.06967725191786922 0.06749424216806646
5 0.6462948351318267 0.11586962233570233 0.07651582522617206 0.07942650489257563
4 0.7184598800579449 0.27626559707675774 0.07075161273906161 0.07075161273906139
3 0.5890603579635183 0.4935112603878946 0.24900788369009919 0.17405788228020708
3 0.6419897724304274 0.5627351472485063 0.20939749556606535 0.10970671699174273
3 0.6927666554245396 0.5122782865902946 0.10444539674676157 0.07315559033292324
3 0.5231014612126287 0.42858481681205246 0.21151192910103211 0.12491920902552567
3 0.5447677377122929 0.32271836833950684 0.23922434260797476 0.1737340501138943
3 0.5175620262778919 0.2365828230295729 0.1825994317123646 0.10473875063606894
3 0.4631887013469204 0.1666312662523603 0.25982006811685887 0.18923608620657206
