3 0.6164351828973409 0.5111951715232538 0.1230113902181369 0.15329536968348845
3 0.567458783987739 0.5885261803501323 0.11231634272411561 0.16834170473501586
3 0.6945767218059691 0.6390508643564807 0.11497025990861054 0.1482826373204973
3 0.35747660748786464 0.5909399603970095 0.11787705501307177 0.15951752677793007
3 0.20119813249040341 0.6379966619943548 0.061615091007312106 0.11461205507167738
4 0.7506651866478039 0.7023083608684229 0.07302347962866995 0.08362287244154298
4 0.631901291343471 0.6293398461081339 0.06465162691640058 0.07676521870254138
4 0.6596285425787409 0.7043461258799948 0.0594735333520382 0.06780162770500986
4 0.2560074660805649 0.7100523883024571 0.0789149143203689 0.07664361586046753
4 0.21897929775573222 0.7690557862113068 0.03979708466211318 0.05266777593488736
5 0.5845347460882849 0.6997175465148622 0.06678351233585622 0.06375511438932102
5 0.39304554170781075 0.7150020178345139 0.05713252837191385 0.06470352323825179
