1 0.9567307692307693 0.5324519230769231 0.04206730769230771 0.07692307692307698
1 0.25360576923076933 0.5372596153846154 0.043269230769230727 0.07211538461538458
1 0.7175480769230769 0.5396634615384616 0.034855769230769273 0.06730769230769229
1 0.5685096153846154 0.5408653846153846 0.03725961538461542 0.06971153846153844
1 0.875 0.5456730769230769 0.03725961538461542 0.07211538461538458
1 0.48197115384615385 0.546875 0.03846153846153855 0.06850961538461542
1 0.38942307692307687 0.546875 0.046875 0.06850961538461542
1 0.7800480769230769 0.5480769230769231 0.04086538461538469 0.07211538461538458
1 0.21514423076923078 0.5793269230769231 0.043269230769230727 0.078125
1 0.31129807692307687 0.5961538461538461 0.046875 0.06730769230769229
