4 0.6305251049462018 0.0214334512396206 0.11655155468818745 0.0428669024792412
4 0.5551162805739835 0.07851495107110143 0.14579923016451135 0.08700171678080502
4 0.6652263667108196 0.13950581283510716 0.13957693727084064 0.08228705243543429
4 0.5387781432558238 0.1955056529763976 0.12559732597798856 0.07283032678748261
4 0.614236190230226 0.7239113832173872 0.12247248105254804 0.06970548186204217
0 0.7311494766743803 0.21971149242432647 0.12715974844070876 0.0743927492502029
0 0.64466671027707 0.27806906268917625 0.1407831992898303 0.06389414332652185
0 0.5643240459018006 0.336317045125186 0.12567951684961853 0.07743540330401327
0 0.7628080843851879 0.3588782712387644 0.14697809522629113 0.06707378216638238
0 0.659193464812375 0.40372197848333286 0.16073853086146306 0.06425030377025231
0 0.7415909009783974 0.46060090896058875 0.10542281874867543 0.060193962299670556
0 0.5528923516294821 0.47011083671946435 0.1349718607543099 0.08220486156380413
0 0.6904959120794518 0.5229334257261383 0.13935776161316038 0.0700068483913528
0 0.5457369703871738 0.5854021313759901 0.13933036465595028 0.06847182288584241
0 0.6785984695345626 0.6306317837267432 0.13941255552758036 0.07307689940237305
0 0.7467149278784226 0.6616618532252159 0.11301575540459641 0.055725870569189984
3 0.2819373304093349 0.03402653156181061 0.4366861655078218 0.06805306312362122
3 0.22510660405527527 0.07401627877641885 0.45021320811055054 0.14379447687769056
3 0.20321134595753626 0.20493179806014694 0.4064226919150725 0.13535223454825837
3 0.2945439102346927 0.27664044140551414 0.4330133814381806 0.10133510081214353
3 0.2280986662806453 0.33924692774316423 0.4257766052259898 0.12575852411425664
3 0.3752685402074067 0.4118604665782106 0.3454895306668887 0.09823844874566112
3 0.22127204852485743 0.4729585284658123 0.4350415521734713 0.1289929568685373
3 0.22898287554962177 0.5941433525294886 0.45796575109924353 0.14324653773348983
3 0.265648415693359 0.7224553649765151 0.4720191490917668 0.13732561136912913
3 0.46095361123863376 0.6529424577166911 0.130120211622889 0.06830744114258225
