3 0.15144230769230768 0.5168269230769231 0.140625 0.23798076923076916
3 0.15985576923076922 0.21754807692307693 0.05649038461538461 0.09855769230769229
3 0.4278846153846154 0.22235576923076922 0.04567307692307693 0.08173076923076925
3 0.40625 0.1490384615384615 0.05288461538461536 0.10456730769230768
3 0.6574519230769231 0.24639423076923078 0.058894230769230727 0.10456730769230771
3 0.8653846153846154 0.27163461538461536 0.05649038461538458 0.12620192307692304
3 0.8088942307692306 0.1983173076923077 0.043269230769230727 0.08413461538461539
5 0.1658653846153846 0.33173076923076916 0.07692307692307693 0.06610576923076922
5 0.15985576923076922 0.1502403846153846 0.027644230769230754 0.027644230769230782
5 0.6502403846153846 0.16826923076923078 0.03605769230769229 0.034855769230769246
5 0.8822115384615383 0.18389423076923078 0.043269230769230727 0.03725961538461539
2 0.8064903846153846 0.13822115384615385 0.03125 0.03245192307692307
3 0.24519230769230768 0.21153846153846156 0.021634615384615363 0.02043269230769232
3 0.5168269230769231 0.2512019230769231 0.03125 0.06730769230769229
