3 0.39155373672961896 0.3736529827521732 0.17013159679733392 0.08041837909044963
3 0.4146055748045758 0.43455288110766893 0.18231604550582947 0.08967739678676423
3 0.4178126237936852 0.550051130672693 0.17456928086516244 0.08388091948755128
3 0.43028542834567807 0.7994665900962565 0.24180276590479188 0.13063638744191353
5 0.5168413755093096 0.20725206859573186 0.10101485997719828 0.07956169922120424
5 0.47805021109621015 0.31862924809263715 0.08754834794944966 0.06707033086418251
5 0.2660194759957813 0.3549785310506659 0.05243052496747869 0.044629375601662635
5 0.2930233169941801 0.5356609032147512 0.05491792169385323 0.05004220334021825
0 0.2784543280403777 0.7788738905914614 0.09116434817081409 0.07361176209772813
0 0.2904621468402891 0.4403017115483018 0.065305542885158 0.06335525554370391
