4 0.27163461538461536 0.4567307692307693 0.038461538461538436 0.03725961538461542
4 0.33052884615384615 0.4591346153846154 0.04206730769230771 0.03605769230769229
4 0.4098557692307692 0.453125 0.038461538461538436 0.03725961538461542
4 0.45432692307692313 0.43028846153846156 0.03125 0.02644230769230771
4 0.4879807692307692 0.4314903846153846 0.04086538461538469 0.03725961538461542
4 0.4939903846153847 0.4519230769230768 0.030048076923076872 0.034855769230769273
4 0.5709134615384616 0.4555288461538462 0.03245192307692313 0.038461538461538436
0 0.6490384615384616 0.45552884615384615 0.03725961538461542 0.03605769230769229
3 0.26682692307692313 0.37139423076923067 0.05288461538461542 0.11298076923076927
3 0.3221153846153847 0.36778846153846156 0.06129807692307687 0.11899038461538458
3 0.39783653846153844 0.359375 0.06730769230769229 0.125
3 0.4423076923076923 0.3485576923076923 0.027644230769230838 0.11899038461538458
3 0.47716346153846156 0.32572115384615385 0.07331730769230771 0.14182692307692313
3 0.5625 0.38341346153846156 0.058894230769230727 0.11418269230769229
3 0.6610576923076923 0.3689903846153846 0.08413461538461542 0.12860576923076916
