5 0.04613785704101715 0.9167043290469448 0.0922757140820343 0.16659134190611047
1 0.2552780827134105 0.035878582572353976 0.2973572997507038 0.07175716514470795
3 0.4031072844446068 0.5186366067500962 0.41549688927556117 0.2581213426807114
3 0.5394684653465357 0.37032749277932947 0.6152735205174094 0.3792102006251349
3 0.47324205074461834 0.7665982816825458 0.6199307310497346 0.40444729032755566
3 0.494092260613347 0.9231718257062322 0.687839236097787 0.15365634858753552
5 0.09445423522069733 0.23239178040967912 0.18890847044139467 0.18249529029379627
5 0.06531243938026703 0.6654291702028923 0.13062487876053405 0.20370945050259381
5 0.16883084576893564 0.1643931651287489 0.10964945698972511 0.10359655135146163
5 0.2023408247450761 0.07583073531928658 0.12797722324123784 0.12313489873062712
5 0.11162266986641106 0.4542389896729697 0.1420019422754335 0.12505380648829578
