4 0.5903566693682586 0.17526809874050758 0.057755948407587576 0.05870139198434374
4 0.5925935823081805 0.24899872172820736 0.06013441112743367 0.04311642674582497
4 0.6180768753254101 0.3352001121065764 0.0574256541778182 0.04702577483350168
4 0.6159692917235096 0.41815274285680776 0.06033713157655074 0.05371902653925831
4 0.6153471543768874 0.4769886966214397 0.0678482530784108 0.05461204300382633
4 0.6412428762919866 0.5392009837948621 0.056682931050179186 0.05857381820369112
3 0.44884595197097654 0.1931808551440531 0.2077983775519503 0.0839452689969086
3 0.45726582149404504 0.2640000007330204 0.195785478171703 0.11636821772419548
3 0.48060307979645744 0.35045653867269455 0.19300157455362288 0.11074798337584729
3 0.49737466017376575 0.4366055019388754 0.18679589841420063 0.09414242789210814
3 0.48103998380797214 0.5005741144855216 0.20355174723486835 0.11940726890358055
3 0.49837428642007886 0.5823034345414154 0.21218831320632514 0.11197129407018469
