4 0.5282593317782018 0.3009457940333856 0.47730515335128654 0.48728548353171935
2 0.8050567682645476 0.6424146520215462 0.14605763629003055 0.15492904089485982
2 0.08391489094743171 0.5943290500754084 0.06503622064374091 0.08832365773141737
2 0.28534446240973527 0.6355297681374081 0.049379864937631024 0.05381556724004566
2 0.19745026711219765 0.6359419410031281 0.0430243762702304 0.05300470645066313
2 0.654721106849293 0.6968661133056238 0.05146182346049377 0.06033322806532293
2 0.6820628478838818 0.6951873376871094 0.03172038929725374 0.0428096450532901
2 0.73731617999597 0.7177382575933129 0.050839414358519464 0.06525544684136675
2 0.7104872349645424 0.7052727859856693 0.036857339290238045 0.06347155310472552
2 0.3393266967883434 0.6579185158857351 0.04702612115807919 0.06476893036773745
2 0.15874748506488312 0.6051683051236012 0.05403029845698559 0.0706641820910402
2 0.05281241577146609 0.5748594011688581 0.03172038929725385 0.042809645053290546
2 0.025904632151443174 0.5933867916383673 0.03299148703073407 0.04297181721116694
2 0.008691925695949362 0.5941188138391544 0.017383851391898724 0.05662954796369546
2 0.00460797098399103 0.5769458546724067 0.00921594196798206 0.03404785354727413
2 0.9425282701484963 0.7090418197338344 0.02439186768259438 0.03437219786302714
4 0.9473408758257273 0.6915707957808654 0.017523583012032495 0.0197414341632397
