3 0.48798076923076916 0.7824519230769231 0.40625 0.19711538461538458
3 0.5120192307692306 0.6310096153846154 0.3245192307692307 0.14663461538461542
3 0.4951923076923077 0.5084134615384616 0.30048076923076916 0.14182692307692313
3 0.47115384615384615 0.3786057692307693 0.2608173076923077 0.15024038461538458
3 0.49158653846153844 0.2560096153846154 0.2704326923076923 0.14663461538461542
4 0.18509615384615385 0.7800480769230769 0.07932692307692313 0.09495192307692302
4 0.26923076923076916 0.2620192307692307 0.078125 0.07331730769230771
0 0.25 0.6225961538461539 0.08413461538461542 0.09254807692307687
0 0.2451923076923077 0.5060096153846154 0.07211538461538458 0.09014423076923073
0 0.24399038461538464 0.3954326923076923 0.07932692307692302 0.08774038461538458
