4 0.03245192307692308 0.735576923076923 0.05288461538461538 0.07331730769230771
4 0.11538461538461539 0.6778846153846154 0.05288461538461538 0.08653846153846156
4 0.203125 0.7632211538461539 0.05649038461538461 0.09495192307692313
4 0.27884615384615385 0.6947115384615383 0.05528846153846151 0.09014423076923073
4 0.3473557692307692 0.782451923076923 0.05769230769230771 0.08293269230769229
4 0.4411057692307693 0.7644230769230769 0.05649038461538464 0.078125
4 0.5144230769230769 0.7608173076923077 0.046875 0.08413461538461542
4 0.5997596153846154 0.7259615384615384 0.05769230769230771 0.078125
4 0.6995192307692308 0.7764423076923077 0.055288461538461564 0.078125
4 0.7752403846153846 0.8509615384615384 0.0625 0.09495192307692313
4 0.8293269230769231 0.8161057692307692 0.046875 0.08774038461538458
4 0.8677884615384615 0.7860576923076923 0.058894230769230727 0.08413461538461542
4 0.9411057692307693 0.8088942307692308 0.08413461538461542 0.11298076923076927
3 0.12620192307692307 0.47716346153846156 0.0877403846153846 0.26442307692307687
3 0.20432692307692307 0.5384615384615383 0.10096153846153844 0.3004807692307693
3 0.27524038461538464 0.4963942307692307 0.07932692307692304 0.25721153846153855
3 0.35096153846153844 0.5516826923076923 0.10576923076923078 0.2716346153846154
3 0.44591346153846156 0.5432692307692308 0.09495192307692307 0.3125
3 0.5216346153846154 0.5504807692307692 0.08653846153846151 0.2848557692307693
3 0.6069711538461539 0.5288461538461539 0.09254807692307687 0.27403846153846145
3 0.7019230769230769 0.5408653846153846 0.09375 0.3028846153846154
3 0.7872596153846154 0.5925480769230769 0.10096153846153844 0.31971153846153844
3 0.8641826923076923 0.5120192307692308 0.07211538461538458 0.34375
3 0.9423076923076923 0.5144230769230769 0.11298076923076927 0.376201923076923
