1 0.2293087066395434 0.6878184454338465 0.17493292148849773 0.10710829359638596
1 0.28298823563312203 0.45445362411946016 0.16541748494628655 0.10130927502086584
1 0.3148302744822513 0.30239949307982655 0.08146321499899595 0.046157244315431
1 0.3098586772489085 0.34116595211486045 0.07264197865972793 0.04476884390954505
1 0.3471824508203415 0.12556631195499834 0.07937010172692077 0.053355175960083254
1 0.3572483537630151 0.06161234849530432 0.1459781575223988 0.09394830598872386
1 0.3350953015068328 0.20954160722878143 0.06846626477882356 0.03873492104529508
1 0.28536881651015844 0.5757351111211508 0.06916046498176659 0.04314553921492914
1 0.2978240912516311 0.5324966796784889 0.1215567202019219 0.0685977641765742
1 0.3478275311900202 0.25787434438077417 0.15421738947146563 0.09847111997109972
