5 0.7617054651650487 0.5258023734561224 0.03705742201724305 0.0345572994295017
5 0.7480724334198767 0.46248415827559164 0.02999493276521059 0.029369902118275282
4 0.7151145521630933 0.3157897112605808 0.03345636630336257 0.0353314582441685
5 0.7896821132303554 0.688189128588538 0.028567225327599255 0.022316918858245716
5 0.7705063918864756 0.6015196033676435 0.023240205840644124 0.021990144546773505
5 0.762891952219215 0.5639036926474863 0.023240205840644124 0.021990144546773505
3 0.7467362153189263 0.6291730477048474 0.05255307200690129 0.029426938070293285
3 0.7325732128468492 0.6075667134215642 0.06340376910855794 0.04590291099436827
3 0.7243242365406503 0.5668161434747272 0.06763936146137683 0.04826341140638113
3 0.6271129823036702 0.16718511604106887 0.13933666913183207 0.09058427867087486
3 0.6997769334541173 0.5301805556889867 0.09462024519163015 0.06274368219792736
3 0.6417578226635847 0.3281916936958883 0.11766379290452755 0.06891140244357047
3 0.5992022733033322 0.23483398349444878 0.15579363007190083 0.09391559602530133
3 0.6232635650396061 0.4665385339013005 0.2511785280861948 0.14929853263573317
5 0.8009778300099424 0.42159099844870923 0.07724950326116586 0.0697491354979416
5 0.7203786002893963 0.15238460922573643 0.05384115726878402 0.04321563627088312
5 0.8048224709325322 0.6582037018153305 0.03690829384951144 0.03753332449644686
5 0.7627493623391697 0.5027493197512218 0.031711390546282026 0.026711145370799216
5 0.7043910035408452 0.22251458728285167 0.050716004034107365 0.04634078950555989
5 0.7997491455253423 0.7016510524776556 0.027634432353197735 0.025134309765456275
