1 0.7247596153846154 0.17307692307692307 0.027644230769230727 0.04807692307692307
1 0.24399038461538458 0.22596153846153846 0.1298076923076923 0.23317307692307693
1 0.8689903846153846 0.2692307692307692 0.15264423076923084 0.2608173076923077
1 0.38822115384615385 0.2848557692307692 0.07692307692307687 0.15745192307692304
1 0.4158653846153846 0.030048076923076924 0.03125 0.04807692307692308
1 0.5096153846153846 0.3137019230769231 0.06610576923076927 0.11778846153846156
1 0.7007211538461539 0.3377403846153846 0.04206730769230771 0.08173076923076922
1 0.6274038461538461 0.3485576923076923 0.09855769230769229 0.1875
1 0.751201923076923 0.3545673076923077 0.04206730769230771 0.07211538461538458
1 0.6862980769230769 0.03725961538461538 0.02524038461538458 0.05528846153846153
1 0.6213942307692307 0.037259615384615384 0.02043269230769229 0.04807692307692309
1 0.3629807692307693 0.037259615384615384 0.030048076923076872 0.06129807692307691
1 0.65625 0.038461538461538464 0.02163461538461542 0.038461538461538464
1 0.3076923076923077 0.04447115384615385 0.02524038461538458 0.057692307692307696
1 0.6346153846153847 0.05048076923076923 0.02043269230769229 0.04567307692307693
