2 0.39608334997213296 0.29154551210043206 0.06960031171737169 0.08647878468974424
2 0.4965995604517536 0.3236050525924228 0.06112547914457256 0.0686270226878492
2 0.43459486764942123 0.30756256945835136 0.04186463515069794 0.05968080106597995
2 0.5497088831845208 0.31003647327400113 0.05172058136170943 0.05734673901916687
2 0.5799710925030842 0.3507124654915631 0.04679387954501113 0.0594527342742906
2 0.36366175126852635 0.2924501515343439 0.022340128278520832 0.0293728253503428
2 0.32069746340122507 0.26632619797518686 0.014813158959092076 0.01809508425927575
2 0.3026074642971797 0.26654155187880013 0.020218877557706016 0.023031956386434682
2 0.23848406335164762 0.25449062019613256 0.01716247647159652 0.019506708828870456
4 0.2760629732412569 0.2639285714879935 0.021630502127300777 0.025381273898939072
4 0.3415954561787686 0.2764508922197311 0.054538745345668604 0.05828951711730693
4 0.6173321059114649 0.3444097351918832 0.06042856588142831 0.07402511355361735
4 0.6551136568166116 0.38368427315031134 0.07664063652203923 0.0850798730082255
