5 0.15089843499849076 0.43856696433800724 0.039337679199058895 0.041554928500263266
5 0.23263175913442335 0.44645746121203644 0.046078729840669186 0.0482959791418735
5 0.2556245577921684 0.40967000168808054 0.0365437918880544 0.040978290490462865
5 0.3336339754424888 0.4489145483619603 0.043861480539464925 0.05051322844307793
5 0.41062024139302233 0.412634834900716 0.05031421217617488 0.055857335429185584
5 0.4822177489884495 0.3643592665497508 0.03457021022275164 0.03789608417455792
5 0.5588059824051772 0.3543778149071495 0.03822905454845704 0.04266355315086545
5 0.6116461736783648 0.3492977863478517 0.03794073554355659 0.04126660949536298
5 0.6828903001089847 0.3345935170979416 0.042708204519864124 0.04492545382106844
5 0.7772407685134373 0.3471621802102808 0.05089085018597539 0.058651222740190356
5 0.9277330615647934 0.3000807094607332 0.053063448118180756 0.04973757416637453
