5 0.3528781036591149 0.03064430965389329 0.07576299501831674 0.06128861930778658
5 0.3574000878420448 0.310878984344091 0.08093609329963852 0.08566647302004554
5 0.2705065238430081 0.41287326983812683 0.08812870338201068 0.08970549662214644
5 0.23190325887362417 0.579795127077036 0.07532027645740191 0.08005065617780893
5 0.15398927600858459 0.779829642358794 0.08798113052837246 0.08798113052837242
4 0.5268915062766429 0.050174904254522486 0.2199648989269054 0.10034980850904497
3 0.5305745614876287 0.3170144392390468 0.2348939023563178 0.12451837554682083
3 0.45358447549032077 0.42506726013623386 0.25336465427304805 0.16033385310504356
3 0.41685314946834906 0.5904123241350072 0.25351222712668625 0.16205821919881747
3 0.3666300888074452 0.811923604960129 0.29208508075415063 0.19274710662560357
