3 0.4145772854560152 0.6754861391602331 0.14117911734431254 0.08951001343771992
3 0.4139522093856213 0.6190583094018304 0.16186653711884902 0.12036851665843584
3 0.4163003505016589 0.5601580911609692 0.20771558692916048 0.1226853293190982
3 0.414423415962348 0.5032920896093438 0.21341182024105332 0.13895948941501796
3 0.5090964390975316 0.4556287621704722 0.11407640282136322 0.08112209245574103
3 0.548029792037489 0.43272022142952826 0.07639512164133866 0.05035714801911856
3 0.5223986617531162 0.37948426817213626 0.12775307390433932 0.09195086017378673
3 0.5866513534608061 0.33241511493031545 0.05865001717989071 0.04359681367954482
3 0.5964164467332032 0.29648673421419713 0.05652181512452881 0.04065492494848849
5 0.30563427020486933 0.63946206674986 0.0540183114777113 0.0507635647749336
5 0.2823504278724697 0.583534639113398 0.058712887381657475 0.057899200705963216
5 0.26579580471528474 0.49834496644324966 0.07586339106402229 0.06609915095568991
5 0.434235345314504 0.42661565174267546 0.040310311939359855 0.038276095250123876
5 0.44431393643167044 0.35566634906124306 0.047821462752861144 0.04090512600945895
5 0.5511298160825349 0.3234950367889883 0.025506882917952 0.022658979553021708
