5 0.6802884615384616 0.5841346153846154 0.024038461538461453 0.03725961538461542
5 0.6382211538461539 0.5865384615384616 0.03245192307692313 0.03605769230769229
5 0.7692307692307692 0.5552884615384616 0.030048076923076983 0.03245192307692313
5 0.7055288461538461 0.4723557692307692 0.030048076923076872 0.03125
5 0.6658653846153846 0.43028846153846156 0.027644230769230838 0.02644230769230771
5 0.6442307692307692 0.39903846153846156 0.02524038461538458 0.025240384615384637
5 0.5661057692307692 0.24879807692307693 0.024038461538461564 0.02524038461538461
5 0.43870192307692313 0.23557692307692307 0.02043269230769229 0.02644230769230768
5 0.4963942307692307 0.4543269230769231 0.024038461538461453 0.03125
5 0.3713942307692307 0.5661057692307693 0.03125 0.046875
5 0.34495192307692313 0.4110576923076923 0.02524038461538458 0.03485576923076922
5 0.32451923076923067 0.4519230769230769 0.024038461538461564 0.03125
5 0.2872596153846154 0.40625 0.03125 0.03725961538461536
5 0.18629807692307687 0.4254807692307692 0.02163461538461542 0.03125
5 0.11057692307692313 0.4747596153846153 0.03125 0.03725961538461536
5 0.04086538461538458 0.40865384615384615 0.03245192307692313 0.03605769230769229
4 0.8653846153846154 0.438701923076923 0.02644230769230771 0.03245192307692307
3 0.8701923076923077 0.5084134615384616 0.05288461538461542 0.10096153846153849
3 0.686298076923077 0.6526442307692308 0.05168269230769229 0.11298076923076927
3 0.717548076923077 0.5564903846153846 0.03245192307692313 0.07331730769230771
3 0.6322115384615384 0.6538461538461539 0.04807692307692313 0.09495192307692313
3 0.47115384615384615 0.5036057692307693 0.05769230769230771 0.07932692307692313
3 0.39062499999999994 0.49639423076923084 0.050480769230769273 0.06730769230769235
3 0.3137019230769232 0.5180288461538461 0.043269230769230727 0.09495192307692313
3 0.29567307692307687 0.4543269230769231 0.03245192307692313 0.06971153846153844
3 0.10576923076923078 0.5456730769230769 0.043269230769230727 0.09495192307692302
3 0.048076923076923184 0.47596153846153844 0.043269230769230727 0.09855769230769229
