2 0.34085067329581903 0.9467418207661884 0.06246791446620914 0.0636654150074627
2 0.31786253108454354 0.8362655050877137 0.06729855896701809 0.06250855680200329
2 0.35395833875264177 0.749462925971063 0.059991628712113054 0.05879412817085938
2 0.3427013479391374 0.6730314283677525 0.04664300596988058 0.05622301029991006
2 0.35574660152759074 0.5896045917506267 0.04898381727132883 0.048983817271328944
2 0.32020091375739346 0.5189573851746133 0.05761017507487032 0.06240017723988517
2 0.3561206046370498 0.44789842988270256 0.05271179334773757 0.05750179551275225
2 0.38906275428781384 0.42646534714751905 0.049024459607123094 0.05261696123088422
2 0.3289980629914226 0.3821902473696164 0.06723082174069417 0.056453316869411074
2 0.3802955966736703 0.34400570450214596 0.06727146407648865 0.06008646082896629
2 0.3167196884251065 0.288790530509783 0.06376024712431605 0.07094525037183824
2 0.34783582969448334 0.2140442414772578 0.06850960695353647 0.06252210424726803
2 0.3149154495762943 0.125258409993997 0.07335379889961036 0.06257629402832708
