1 0.125 0.2872596153846154 0.078125 0.11899038461538464
1 0.8052884615384617 0.34375 0.050480769230769273 0.08413461538461542
1 0.6201923076923077 0.3473557692307692 0.05649038461538458 0.08653846153846156
1 0.6610576923076923 0.3557692307692307 0.03725961538461542 0.07692307692307693
1 0.32211538461538464 0.3581730769230769 0.055288461538461564 0.08293269230769229
1 0.7295673076923077 0.359375 0.058894230769230727 0.09735576923076922
1 0.4122596153846154 0.3629807692307692 0.04326923076923078 0.07331730769230771
1 0.5144230769230769 0.36778846153846156 0.05889423076923078 0.09014423076923078
1 0.03125 0.3713942307692307 0.05048076923076923 0.08173076923076922
1 0.18389423076923078 0.37379807692307687 0.07211538461538461 0.09254807692307693
