1 0.1430288461538462 0.4170673076923077 0.038461538461538436 0.06610576923076922
1 0.3497596153846154 0.43629807692307687 0.046875 0.08413461538461536
1 0.5048076923076923 0.4639423076923077 0.05288461538461542 0.09975961538461542
1 0.6538461538461539 0.46875 0.03245192307692313 0.05889423076923078
1 0.6129807692307693 0.47475961538461536 0.03605769230769229 0.055288461538461564
1 0.6995192307692308 0.4831730769230769 0.04086538461538469 0.08173076923076927
1 0.5528846153846153 0.484375 0.03605769230769229 0.07211538461538458
1 0.671875 0.49038461538461536 0.02524038461538458 0.055288461538461564
1 0.9675480769230769 0.5168269230769231 0.034855769230769273 0.06730769230769229
1 0.8497596153846154 0.5204326923076923 0.04206730769230771 0.08413461538461542
1 0.8076923076923077 0.5288461538461539 0.015625 0.04206730769230771
1 0.8882211538461539 0.5348557692307693 0.024038461538461453 0.04206730769230771
