3 0.28725961538461536 0.3966346153846155 0.06370192307692302 0.12139423076923073
3 0.5949519230769231 0.3810096153846154 0.07932692307692302 0.13701923076923084
3 0.6346153846153846 0.39903846153846156 0.027644230769230727 0.08413461538461542
3 0.46634615384615385 0.592548076923077 0.03846153846153855 0.06730769230769229
3 0.7512019230769231 0.40384615384615385 0.055288461538461564 0.10817307692307687
3 0.8786057692307693 0.3894230769230769 0.05288461538461542 0.09495192307692302
3 0.9290865384615384 0.4014423076923077 0.07331730769230771 0.15625
4 0.9134615384615385 0.5144230769230769 0.050480769230769273 0.04567307692307698
4 0.8701923076923077 0.46033653846153844 0.03125 0.03605769230769229
4 0.7283653846153846 0.46875 0.03725961538461542 0.046875
