3 0.23076923076923084 0.43389423076923067 0.13461538461538458 0.08173076923076927
3 0.2427884615384615 0.5348557692307692 0.12860576923076927 0.10336538461538458
5 0.3629807692307693 0.3605769230769231 0.03605769230769229 0.034855769230769273
4 0.47235576923076916 0.35576923076923067 0.046875 0.034855769230769273
5 0.4927884615384616 0.5432692307692308 0.043269230769230727 0.04807692307692302
5 0.5012019230769231 0.43870192307692313 0.05048076923076916 0.046875
5 0.5012019230769231 0.27524038461538464 0.05048076923076916 0.043269230769230727
0 0.5036057692307692 0.21153846153846156 0.050480769230769273 0.04807692307692313
5 0.5072115384615384 0.6418269230769231 0.04206730769230771 0.04086538461538469
0 0.5072115384615384 0.876201923076923 0.05528846153846145 0.03605769230769229
4 0.5576923076923077 0.7403846153846154 0.046875 0.043269230769230727
3 0.609375 0.359375 0.171875 0.09975961538461542
3 0.6237980769230769 0.4471153846153845 0.1358173076923077 0.08173076923076927
3 0.6237980769230769 0.2800480769230768 0.1514423076923077 0.07692307692307698
3 0.6310096153846154 0.19350961538461542 0.15264423076923084 0.09975961538461542
3 0.6370192307692307 0.890625 0.1514423076923077 0.09735576923076916
3 0.6490384615384616 0.5396634615384616 0.1923076923076923 0.10096153846153855
3 0.6682692307692307 0.6442307692307693 0.1983173076923077 0.08894230769230771
3 0.6971153846153846 0.7355769230769231 0.15504807692307698 0.08653846153846156
3 0.7115384615384616 0.8125 0.140625 0.06610576923076916
4 0.11778846153846156 0.43870192307692313 0.03846153846153855 0.04206730769230771
4 0.13100961538461542 0.5252403846153846 0.03725961538461542 0.04326923076923084
