3 0.745039646235063 0.5444111407351971 0.15900608452806253 0.21660626047301207
1 0.20113305650387292 0.3128787877509508 0.06523863278917941 0.07469537809357396
1 0.30076537634160516 0.3465547868015436 0.05720017529241739 0.06063899176674298
1 0.42334672181621197 0.3451144097727127 0.05897980761548627 0.06327832820839291
1 0.49063349479858104 0.39273186928362436 0.05750681802724655 0.061805338620153416
1 0.5655808138463777 0.3874968535703319 0.05278120652769913 0.05622002300202439
1 0.6174586590854879 0.42732227423340496 0.05192150240911775 0.05707972712060577
1 0.6832122183937116 0.48077146801136866 0.06929073473316283 0.07358925532606941
1 0.7840490199495621 0.41500686409254617 0.0586731648806571 0.06211198135498247
1 0.8882920254203297 0.47857526811986967 0.06106608267338398 0.06708401150345333
