3 0.8088942307692308 0.5084134615384616 0.17307692307692302 0.3016826923076923
3 0.655048076923077 0.49038461538461536 0.1358173076923077 0.25721153846153844
3 0.5372596153846154 0.47115384615384615 0.12139423076923073 0.21995192307692313
3 0.39903846153846156 0.4627403846153846 0.1358173076923077 0.22956730769230765
3 0.19471153846153844 0.49879807692307687 0.13461538461538458 0.25360576923076916
5 0.7752403846153846 0.27764423076923084 0.1045673076923076 0.07211538461538464
5 0.6286057692307693 0.30649038461538464 0.07331730769230771 0.078125
5 0.5504807692307692 0.29927884615384615 0.078125 0.07331730769230771
5 0.42548076923076933 0.2848557692307693 0.09014423076923073 0.07211538461538464
5 0.20072115384615385 0.2908653846153846 0.09855769230769229 0.07692307692307693
