3 0.8401442307692308 0.5733173076923077 0.09975961538461531 0.28485576923076916
3 0.6442307692307692 0.4723557692307693 0.078125 0.15745192307692313
3 0.5709134615384616 0.4627403846153846 0.06370192307692313 0.17788461538461536
3 0.5324519230769231 0.43870192307692313 0.058894230769230727 0.17187500000000006
3 0.48557692307692313 0.42908653846153844 0.06129807692307687 0.14182692307692307
3 0.23317307692307687 0.4254807692307692 0.09855769230769229 0.21153846153846156
3 0.09495192307692313 0.38701923076923084 0.08413461538461542 0.16105769230769235
2 0.8401442307692308 0.3762019230769231 0.07692307692307698 0.06971153846153844
2 0.6502403846153847 0.358173076923077 0.04807692307692313 0.06129807692307693
2 0.5697115384615384 0.33653846153846156 0.03605769230769229 0.05528846153846151
2 0.5432692307692308 0.313701923076923 0.03125 0.05288461538461536
2 0.4783653846153846 0.3185096153846154 0.02644230769230771 0.04567307692307693
2 0.5985576923076923 0.3317307692307692 0.03125 0.03605769230769229
2 0.2512019230769231 0.2548076923076923 0.06610576923076927 0.08173076923076925
2 0.11298076923076927 0.27163461538461536 0.05168269230769229 0.07692307692307696
