5 0.15459057005703486 0.43473273149569125 0.06000209889168462 0.06865733623889292
5 0.2318727220851195 0.4802496954660913 0.03825918573074982 0.04499103700080043
5 0.26869230003645966 0.4465306997732327 0.06060535587464033 0.06156704891321896
5 0.32752306630373734 0.47456969813523947 0.04594686648246171 0.05460210382967012
5 0.38477129187872827 0.4420454892944574 0.048288427957845936 0.0598287444207905
5 0.4451072688249367 0.47939685777231456 0.04096504681867419 0.039041660741516715
5 0.5028392726976756 0.45612527970477923 0.0518365033991417 0.05087481036056296
5 0.5625719926609283 0.48626688217175495 0.03825918573074949 0.04499103700080048
5 0.626253372792951 0.46641803730339004 0.05513975791310455 0.05513975791310455
5 0.6760107263147936 0.4918765168195972 0.042344915255479676 0.04522999437121583
5 0.7339395388860963 0.5178129110766351 0.04114426484648559 0.04210595788506438
5 0.7916598156450005 0.4596931533636859 0.0518365033991417 0.050874810360562905
5 0.8668276364542814 0.47126389138464686 0.04733259847618476 0.04348582632186987
