3 0.10838798860956211 0.6362101190310924 0.21677597721912423 0.4075553801772078
3 0.2823731540380882 0.6310714334544648 0.2757813215021311 0.4569997819400953
3 0.45822810195457964 0.25699185956561676 0.2636050849040432 0.3290072360395491
3 0.8806658532010438 0.6067839347942889 0.21399545871908476 0.44426553250867806
3 0.9629293567901667 0.6031161529766232 0.07414128641966666 0.4266012063303432
3 0.8543711301523966 0.22413904064658655 0.23621602839255662 0.27300473840627865
5 0.14183601237635723 0.9095751075429002 0.14281531444702855 0.1251022318478291
5 0.30814777457236137 0.9485788874235512 0.1293171803969143 0.10284222515289743
5 0.6204522297046147 0.31387470981879056 0.1229758024138089 0.2088161257791603
5 0.7141942385961946 0.27444757691424193 0.12078977045701478 0.20390500419172014
4 0.926466902394427 0.9070964349854609 0.1171030334798715 0.11710303347987161
4 0.97204800213021 0.8890880768167322 0.05590399573958005 0.16505757632431994
