5 0.55455964345063 0.8575291041060702 0.03306455018174215 0.02922359106859307
2 0.5957972690969477 0.4080029321032431 0.07917519607730006 0.08173583548606622
2 0.47600904395329147 0.7833363876063109 0.11898744956455176 0.10810473207729576
2 0.5274464875772151 0.905594036051816 0.03277049511314478 0.03341065496533635
0 0.48424705245594024 0.6348668850309509 0.10275790449477751 0.09059486730313837
0 0.5626588527132872 0.7349435940983543 0.025295882430449335 0.02401556272606631
0 0.5472420732293093 0.7740115883034209 0.025936042282640792 0.02337540287387485
0 0.6118204019395039 0.31619803803210195 0.08298145538045143 0.072738897745387
0 0.6483980496721845 0.25297657517736216 0.07232339334179705 0.06912259408083943
0 0.4349218306599638 0.42040618801571367 0.056699308314216434 0.045816590826960435
