3 0.12379807692307693 0.39903846153846156 0.11778846153846156 0.234375
3 0.2115384615384615 0.46634615384615385 0.1346153846153847 0.2548076923076923
3 0.296875 0.39903846153846156 0.10336538461538458 0.2079326923076923
3 0.375 0.4423076923076923 0.11538461538461542 0.23076923076923084
3 0.49759615384615385 0.436298076923077 0.11418269230769229 0.21995192307692313
3 0.6033653846153846 0.5060096153846154 0.10096153846153844 0.23557692307692302
3 0.7235576923076923 0.420673076923077 0.125 0.20793269230769235
3 0.828125 0.45432692307692313 0.15024038461538458 0.23918269230769235
0 0.13461538461538458 0.20913461538461542 0.06850961538461542 0.08293269230769232
0 0.21033653846153844 0.25841346153846156 0.06971153846153855 0.0637019230769231
0 0.30288461538461536 0.22235576923076922 0.055288461538461564 0.06610576923076925
0 0.373798076923077 0.2512019230769231 0.06129807692307687 0.07451923076923075
0 0.4879807692307693 0.2548076923076923 0.06370192307692313 0.07451923076923075
0 0.5973557692307693 0.3028846153846154 0.06730769230769229 0.07211538461538464
0 0.7259615384615384 0.23798076923076922 0.06129807692307687 0.07331730769230771
0 0.8185096153846154 0.25961538461538464 0.08173076923076927 0.07932692307692304
