4 0.7427884615384616 0.6778846153846154 0.09375 0.11298076923076916
4 0.6346153846153846 0.08653846153846156 0.15024038461538458 0.171875
5 0.4879807692307693 0.6778846153846154 0.109375 0.15504807692307698
5 0.9074519230769231 0.3112980769230768 0.0985576923076924 0.11778846153846156
5 0.9831730769230769 0.5829326923076923 0.03245192307692302 0.05649038461538458
2 0.8353365384615384 0.2800480769230769 0.11057692307692313 0.12139423076923073
0 0.6201923076923077 0.6598557692307692 0.10576923076923084 0.10096153846153844
1 0.26201923076923067 0.6706730769230769 0.09735576923076927 0.12139423076923084
1 0.32331730769230765 0.6502403846153846 0.050480769230769273 0.1298076923076924
1 0.054086538461538436 0.4627403846153846 0.10817307692307687 0.15024038461538458
