3 0.5973557692307694 0.18870192307692307 0.22235576923076927 0.11418269230769229
3 0.5769230769230769 0.29086538461538464 0.2139423076923077 0.11778846153846156
3 0.5697115384615384 0.3942307692307693 0.21995192307692313 0.12139423076923078
3 0.5889423076923077 0.6033653846153846 0.20673076923076916 0.09855769230769229
3 0.5745192307692307 0.7151442307692306 0.20192307692307687 0.10576923076923073
2 0.4182692307692308 0.18389423076923078 0.06971153846153844 0.06971153846153846
2 0.4122596153846154 0.2920673076923077 0.05889423076923084 0.06850961538461542
2 0.34014423076923084 0.2548076923076923 0.0625 0.06610576923076925
2 0.33653846153846156 0.3581730769230769 0.05528846153846145 0.05168269230769229
2 0.3870192307692308 0.39903846153846156 0.05288461538461531 0.06610576923076922
2 0.41346153846153844 0.49639423076923084 0.05528846153846145 0.05649038461538464
2 0.35576923076923084 0.5252403846153846 0.05889423076923084 0.05889423076923078
2 0.4254807692307693 0.5997596153846154 0.06370192307692313 0.05168269230769229
2 0.3918269230769231 0.6490384615384615 0.06370192307692302 0.058894230769230727
2 0.407451923076923 0.7127403846153846 0.06730769230769229 0.06971153846153844
2 0.4122596153846153 0.7980769230769231 0.06730769230769229 0.05769230769230771
