3 0.8497596153846154 0.6514423076923077 0.09495192307692302 0.16586538461538458
3 0.6117788461538461 0.7199519230769231 0.10096153846153855 0.15745192307692302
3 0.41346153846153844 0.5504807692307692 0.12620192307692313 0.2235576923076924
3 0.17548076923076922 0.5564903846153846 0.12860576923076927 0.2247596153846153
3 0.2692307692307692 0.5925480769230769 0.11778846153846156 0.1923076923076924
3 0.109375 0.5901442307692308 0.09375 0.20913461538461542
4 0.5564903846153846 0.8052884615384616 0.055288461538461564 0.06730769230769229
5 0.40624999999999994 0.7271634615384616 0.06610576923076927 0.06370192307692313
5 0.19711538461538464 0.71875 0.07451923076923073 0.06610576923076916
4 0.14423076923076927 0.7427884615384616 0.06129807692307687 0.06129807692307687
