3 0.20192307692307693 0.42788461538461536 0.15264423076923073 0.266826923076923
3 0.4639423076923077 0.4266826923076923 0.12860576923076916 0.24038461538461542
3 0.625 0.3942307692307692 0.12860576923076916 0.21754807692307698
3 0.7247596153846154 0.3533653846153846 0.12019230769230771 0.22956730769230765
3 0.3798076923076923 0.45192307692307687 0.06610576923076916 0.21394230769230765
4 0.6033653846153846 0.23798076923076922 0.0625 0.06971153846153844
4 0.7223557692307693 0.17788461538461542 0.05649038461538458 0.08293269230769232
4 0.2115384615384615 0.21995192307692307 0.07211538461538469 0.07692307692307696
5 0.38822115384615385 0.27524038461538464 0.06129807692307687 0.06370192307692304
5 0.46033653846153844 0.25961538461538464 0.06129807692307687 0.08173076923076925
