5 0.193940620053622 0.555684831580913 0.06907958968393002 0.08283928098656013
5 0.2673541975643498 0.5533108573307892 0.07965394394335445 0.07840306291584254
5 0.3356364631601304 0.6151432563083332 0.07016308664062954 0.066410443558094
5 0.4612893521017573 0.6110533252352881 0.07882854244533954 0.08383206655538722
5 0.5254446102074648 0.6443224409167849 0.06586869507974424 0.07837750535486243
5 0.6398395699014855 0.6264217034191495 0.07073039267995918 0.0719812737074711
5 0.9013082612195988 0.6980772079921582 0.07229048428811591 0.0873010566182576
5 0.9093297383020393 0.729851385892391 0.07058856617012677 0.07058856617012688
2 0.3782826870443848 0.6799936082582706 0.08047934544136892 0.07297405927629796
0 0.733757877208792 0.6852361494243002 0.0735413653156275 0.08605017559074579
4 0.7877898181455527 0.6935527983824532 0.07229048428811591 0.0873010566182576
3 0.19694201447219795 0.3603965657720737 0.14143270795005325 0.2790296209763538
3 0.2849662423445502 0.366546220816828 0.14083984434974373 0.25967354196336684
3 0.3987312620212336 0.46537482099742433 0.1572942393391895 0.2723752938702775
3 0.5423986375604632 0.43638353832299503 0.1315419286788112 0.2766441278701826
3 0.6488117164379554 0.4415915229208822 0.11130933304584956 0.25390977018219735
3 0.7484682379654515 0.48551166554474345 0.14027253831041397 0.2541027118139898
3 0.8254670744879024 0.5032029028567686 0.11579666623852725 0.27090591364999317
3 0.9154768734979084 0.48985465237870357 0.15439255531564877 0.2844841821768783
