0 0.5029546199109342 0.7062723196540879 0.01989688749314067 0.02149859874887794
3 0.4540481292989679 0.7084492820944079 0.06629970998179102 0.03907061863425643
0 0.39057902357627056 0.5075826551195977 0.03669145371451654 0.03669145371451654
0 0.4144483720495138 0.8264467764037726 0.025401775648511427 0.025401775648511538
0 0.41551345130580775 0.8833306974935315 0.024149941586853574 0.03135764223767146
0 0.41597215357662504 0.8999464631993537 0.024251042826563318 0.021848475942957468
0 0.39438859262043985 0.6422504428995444 0.031987421187014475 0.031987421187014364
0 0.39891359417960603 0.7312851380178156 0.0163435877875866 0.02034786592692983
0 0.3928332243868701 0.7755964211790175 0.018886105548824306 0.019686961176692996
0 0.39508788610303397 0.8472844704024136 0.01606368603232322 0.01686454166019169
3 0.3549912683031876 0.6427868444462055 0.06428586993018648 0.057078169279368485
3 0.36352031754891484 0.8252803654549865 0.07041281319787218 0.04718799998968104
3 0.3560404389798613 0.8521750272824974 0.055639810865128925 0.03561842016841221
3 0.354438727724124 0.8540566402934981 0.055569835426313 0.034747589101727816
3 0.32585762288635084 0.5092775133252347 0.08790713380740678 0.07108916562216494
3 0.3425506269624522 0.7279260865018711 0.07319638307645149 0.03875959107809901
3 0.34343690570319263 0.7716775661525459 0.06850007438597738 0.055686384340078665
3 0.3515617804428627 0.8946046974326984 0.09163151019148663 0.06360156321608357
