4 0.9651442307692308 0.7644230769230769 0.025240384615384692 0.02644230769230771
4 0.6526442307692307 0.6334134615384616 0.01081730769230771 0.014423076923076872
4 0.5108173076923077 0.7355769230769231 0.015625 0.02043269230769229
4 0.5697115384615383 0.7668269230769231 0.012019230769230727 0.02644230769230771
4 0.4158653846153846 0.7067307692307693 0.015625 0.02163461538461542
3 0.9627403846153846 0.8149038461538461 0.030048076923076983 0.06370192307692313
3 0.6550480769230769 0.6574519230769231 0.014423076923076983 0.04206730769230771
3 0.5036057692307693 0.6742788461538461 0.016826923076923128 0.03605769230769229
3 0.4615384615384615 0.6778846153846154 0.019230769230769273 0.04206730769230771
3 0.24879807692307687 0.38221153846153844 0.016826923076923128 0.03125
3 0.21995192307692313 0.390625 0.016826923076923128 0.03125
4 0.5252403846153846 0.3653846153846154 0.012019230769230838 0.014423076923076927
4 0.24879807692307687 0.358173076923077 0.006009615384615419 0.014423076923076927
4 0.21995192307692313 0.36658653846153844 0.01081730769230771 0.014423076923076927
