3 0.7479256968354215 0.4871047886439006 0.09433570953174986 0.17484092031555037
3 0.6358809976385891 0.47094182374593957 0.10567758637428737 0.1699519078871604
3 0.5662981545333003 0.5129552852393411 0.10021109960497798 0.17357471910957056
3 0.18909364494306502 0.5169071124664766 0.08126863102498319 0.13905059682948523
5 0.6859583405400216 0.35382171386508043 0.05660873754865381 0.05401179526530525
5 0.6615672124093535 0.3718100747359314 0.039359200697193675 0.05559008996812115
4 0.5949796090312249 0.3518056304242293 0.06459318401286451 0.0736824820045841
0 0.5357450437651065 0.39283271427279265 0.05612807301481726 0.060023486439839735
4 0.7269998671056432 0.37583118340215327 0.0568813397512663 0.05558286860959205
4 0.3970561852314144 0.5682150021366169 0.0598154241086159 0.06371083753363838
4 0.32763130730301937 0.5551763567085932 0.05701764085257249 0.05636840528173537
