4 0.3064903846153846 0.733173076923077 0.09735576923076916 0.11418269230769229
4 0.16826923076923078 0.6598557692307692 0.055288461538461564 0.06129807692307698
4 0.4158653846153847 0.7103365384615384 0.07932692307692313 0.09254807692307687
4 0.5144230769230769 0.640625 0.04086538461538458 0.04086538461538458
4 0.6442307692307693 0.6418269230769231 0.03725961538461542 0.03245192307692302
4 0.6935096153846154 0.6213942307692308 0.03245192307692313 0.05649038461538469
4 0.6706730769230769 0.6201923076923077 0.02163461538461542 0.05048076923076916
4 0.37139423076923084 0.6334134615384616 0.03125 0.03605769230769229
3 0.2668269230769231 0.4783653846153846 0.1935096153846153 0.3076923076923077
3 0.1298076923076923 0.5697115384615383 0.06850961538461542 0.12860576923076927
3 0.18149038461538464 0.5180288461538461 0.06971153846153844 0.21754807692307687
3 0.5264423076923077 0.5480769230769231 0.05288461538461542 0.12139423076923073
3 0.6502403846153846 0.5588942307692308 0.0625 0.11538461538461542
3 0.7043269230769231 0.5564903846153846 0.06370192307692302 0.11298076923076927
3 0.4795673076923077 0.5865384615384616 0.05048076923076916 0.08413461538461542
