2 0.46370046995303854 0.04217371564205594 0.12624727216013676 0.08434743128411187
2 0.47927361435738947 0.26429189498435557 0.09546504999313998 0.09546504999313973
2 0.5011341476721226 0.36375152936923744 0.1116441939373562 0.07729705084073313
2 0.6114743763288046 0.7257906731613377 0.07700997550564459 0.08209844114958875
2 0.610436814245789 0.8610497012936471 0.14033061980089223 0.1301536885130038
3 0.3262912254291163 0.06123015084380466 0.2749986232876631 0.12246030168760932
3 0.3453936437313367 0.2150921444426542 0.2389309272615425 0.20458378416491935
3 0.48712779133798334 0.7821784838125121 0.18112841207235464 0.12515528998896885
3 0.4865030187417223 0.927555172856576 0.2818076418611046 0.14488965428684808
3 0.4169230362437122 0.44721215404972114 0.07978686357455284 0.05943300099877613
3 0.43365755780171017 0.41447672370629063 0.0776366471829395 0.049650086141246774
