4 0.48677884615384615 0.07932692307692307 0.14182692307692313 0.12379807692307693
5 0.6057692307692308 0.6129807692307693 0.20673076923076927 0.1766826923076923
5 0.467548076923077 0.65625 0.12980769230769235 0.10336538461538458
5 0.4278846153846154 0.71875 0.10336538461538464 0.11538461538461542
5 0.6129807692307694 0.7848557692307693 0.19110576923076927 0.16586538461538458
5 0.5036057692307693 0.9026442307692307 0.16225961538461542 0.1514423076923077
3 0.6790865384615384 0.09615384615384616 0.31129807692307687 0.18269230769230768
3 0.8713942307692307 0.6141826923076923 0.2548076923076923 0.24399038461538458
3 0.8557692307692307 0.7800480769230769 0.2860576923076923 0.1610576923076923
3 0.7415865384615384 0.9002403846153846 0.3233173076923077 0.1670673076923077
