3 0.5981403282567439 0.5001096585831826 0.04548030601584385 0.06529324563495115
3 0.4965450695530702 0.5096590559769422 0.04416812720109298 0.07131919260505487
3 0.643758569205896 0.5441902287397167 0.030639493009794294 0.030639493009794516
3 0.44773321983227127 0.5280569046658139 0.02573597447372633 0.04261366377889175
3 0.41828548211283106 0.5343853480055664 0.024872623276724126 0.03954887484643321
3 0.3044653717178179 0.5200123115848345 0.031390816997191595 0.052671381773269965
4 0.6430940834837291 0.5693128141593542 0.01966660837100742 0.020400420949492903
4 0.617824448036663 0.5420322101368755 0.023387486710841454 0.01825079866144319
4 0.5022090271706555 0.5642293791160198 0.01953706975249081 0.016601819438548993
4 0.5088651558244314 0.558678167487368 0.017542893806661075 0.024881019591515563
4 0.45484729119791584 0.5582384549637396 0.015660745070436577 0.014193119913465724
4 0.4176987195617742 0.5617870943317702 0.013459307334980242 0.016394557648921948
4 0.3110788000183073 0.5578169726283515 0.02506237365743902 0.022860935921982795
