4 0.1699923514856953 0.28396900500462874 0.15598149079929102 0.19268189488825319
4 0.3155123765546162 0.15970577083259813 0.126966246035347 0.156870278996724
4 0.4061965206703501 0.20199306360522376 0.09619892395639107 0.11930658579018188
4 0.5422227368439507 0.26542400276416234 0.13664649398327955 0.1244130259536255
4 0.6701753789995908 0.08964260321635802 0.12285735018336041 0.1364500924385317
4 0.8037981668730645 0.09648001001151466 0.16918142996496666 0.17597780109255218
3 0.17062377748653818 0.6394952965671832 0.2656600125002756 0.515766469995427
3 0.3041943815012768 0.445619455822725 0.2284269760323584 0.43911448098751277
3 0.4508828533465491 0.4808362929844288 0.20406322199149196 0.3916430651128552
3 0.5968478653637008 0.5603976578925427 0.2573800744454311 0.4259300784095549
3 0.7183969394812507 0.3964879964603323 0.25854294712620063 0.42301512841377303
3 0.8781054097200192 0.43575158312315215 0.24378918055996157 0.47456436696498183
