3 0.538498887958009 0.9056215128601639 0.52012475171772 0.1887569742796722
3 0.46072180447444805 0.8279410981534937 0.4972571231162163 0.2900087743116935
3 0.4287763013917536 0.6420045000547209 0.5629268300337817 0.3103429049282694
3 0.44184347221840936 0.4936994670490051 0.4505905292542862 0.23578625106626527
3 0.38147625337873586 0.3422775216748821 0.5442983779963603 0.30250863772441666
3 0.5267802419013843 0.1253879060344842 0.47961176636429226 0.2507758120689684
1 0.8329161842046661 0.881000230349896 0.16661949556575517 0.1525870552821158
1 0.7531979300339139 0.7393537228668168 0.1713725020582284 0.1379105290741648
1 0.7675710985377063 0.5565251242221942 0.17417542494925353 0.1450311258986175
1 0.6997175347696232 0.4238012153405815 0.1355607645706991 0.10425762855334908
1 0.7057336932269149 0.28268636361440685 0.15785389170298003 0.12331250023555929
1 0.8157915328169998 0.047004186797461954 0.16072639904909358 0.09400837359492391
