4 0.3629807692307692 0.8185096153846154 0.08293269230769229 0.07211538461538458
4 0.41466346153846156 0.7391826923076923 0.06730769230769229 0.04326923076923084
4 0.43149038461538464 0.6754807692307692 0.08653846153846156 0.055288461538461564
4 0.3401442307692308 0.5540865384615384 0.08653846153846156 0.05769230769230771
4 0.40504807692307687 0.4543269230769232 0.08173076923076922 0.06370192307692302
4 0.3762019230769231 0.29927884615384615 0.07331730769230771 0.06370192307692313
4 0.4483173076923077 0.15625 0.07211538461538458 0.0625
4 0.4026442307692308 0.5973557692307692 0.04206730769230771 0.04326923076923084
3 0.5733173076923077 0.8028846153846154 0.26923076923076916 0.12620192307692302
3 0.6237980769230769 0.6802884615384616 0.23317307692307698 0.09495192307692313
3 0.5661057692307692 0.5625 0.2872596153846153 0.11298076923076916
3 0.6057692307692307 0.453125 0.2704326923076923 0.10336538461538458
3 0.5961538461538461 0.2980769230769231 0.29807692307692313 0.12379807692307698
3 0.6742788461538461 0.15985576923076927 0.3016826923076923 0.11538461538461542
3 0.5192307692307693 0.7199519230769231 0.09855769230769229 0.04807692307692302
