4 0.12860576923076922 0.15024038461538464 0.10576923076923075 0.09495192307692302
4 0.16466346153846154 0.39783653846153844 0.06370192307692307 0.04807692307692313
4 0.18028846153846156 0.46153846153846156 0.08293269230769232 0.05769230769230771
4 0.19471153846153846 0.8677884615384616 0.0625 0.05769230769230771
4 0.08774038461538461 0.9206730769230769 0.10576923076923078 0.08653846153846156
2 0.19230769230769232 0.2692307692307693 0.07451923076923078 0.08894230769230771
3 0.3317307692307692 0.13822115384615385 0.313701923076923 0.1670673076923077
3 0.33413461538461536 0.25600961538461536 0.17548076923076925 0.09254807692307698
3 0.30528846153846156 0.38822115384615385 0.17788461538461542 0.08653846153846145
3 0.296875 0.4675480769230769 0.19711538461538458 0.11298076923076927
3 0.2848557692307692 0.6622596153846154 0.20432692307692304 0.13100961538461542
3 0.34134615384615385 0.9098557692307693 0.34495192307692313 0.11057692307692313
