4 0.6011365784478455 0.4289173648528865 0.03416660811665584 0.047520059422393346
4 0.4045735769927967 0.4583012317021125 0.029814221700791288 0.033152584527225915
4 0.3664125566880772 0.4795076615148717 0.024774053300626764 0.03478914177992981
4 0.49882893290958674 0.4664858010413181 0.02565758024800502 0.03901103155374236
0 0.55751038411845 0.4380471433091268 0.030108730683250595 0.034559881118496505
3 0.6434560232810362 0.3363320818871559 0.05481575258716698 0.12047022150704295
3 0.591680558386475 0.34863621082942353 0.06368453775930327 0.1371285199408594
3 0.5452397708745379 0.35835500725058267 0.07599044977725522 0.1316298302178281
3 0.4851510230744038 0.38708817396523315 0.07510692282987719 0.12740794044401582
3 0.42457202132873245 0.3924210682721726 0.06712166460511904 0.11497153178401148
3 0.3841536931837191 0.3817834461295954 0.06555035567344081 0.12675367415807093
3 0.34412685496486184 0.4151317756198991 0.06682715562265962 0.11356423519274089
