5 0.6322115384615385 0.5216346153846154 0.05288461538461531 0.04086538461538469
5 0.5949519230769231 0.44951923076923067 0.06971153846153844 0.034855769230769273
5 0.5841346153846154 0.4002403846153846 0.05288461538461542 0.03245192307692313
5 0.6358173076923077 0.3341346153846154 0.05288461538461542 0.02644230769230771
4 0.610576923076923 0.6358173076923077 0.06129807692307687 0.03485576923076916
4 0.6526442307692307 0.15745192307692313 0.06129807692307687 0.04086538461538458
0 0.6274038461538461 0.5829326923076923 0.04206730769230771 0.03485576923076916
0 0.6706730769230769 0.28365384615384615 0.06610576923076927 0.05168269230769229
3 0.4579326923076923 0.6346153846153846 0.19951923076923084 0.055288461538461564
3 0.49759615384615385 0.5829326923076923 0.1670673076923077 0.0625
3 0.4891826923076923 0.5192307692307693 0.19951923076923084 0.05769230769230771
3 0.4495192307692307 0.45432692307692313 0.2295673076923077 0.05769230769230771
3 0.4471153846153846 0.3930288461538461 0.203125 0.055288461538461564
3 0.48798076923076933 0.33052884615384615 0.18389423076923073 0.05168269230769229
3 0.4567307692307693 0.27403846153846156 0.2860576923076923 0.09254807692307687
3 0.4879807692307693 0.14783653846153844 0.22836538461538458 0.07932692307692313
