4 0.5817307692307693 0.8473557692307692 0.1766826923076923 0.05649038461538469
4 0.23677884615384617 0.47596153846153844 0.06971153846153849 0.04086538461538458
4 0.20432692307692307 0.1826923076923077 0.078125 0.0625
4 0.4831730769230769 0.8713942307692308 0.055288461538461564 0.03125
5 0.28125 0.7223557692307692 0.05889423076923078 0.04326923076923084
3 0.5060096153846154 0.7103365384615384 0.14663461538461542 0.15504807692307687
3 0.33413461538461536 0.18389423076923073 0.19951923076923075 0.09975961538461542
3 0.40504807692307687 0.46995192307692313 0.14663461538461536 0.11538461538461542
3 0.32572115384615385 0.45793269230769235 0.11778846153846151 0.07451923076923073
3 0.3689903846153847 0.2920673076923077 0.18389423076923078 0.08413461538461542
3 0.5480769230769231 0.8774038461538461 0.09735576923076922 0.05528846153846145
