3 0.22235576923076927 0.4495192307692307 0.11418269230769229 0.27043269230769224
3 0.3870192307692308 0.45072115384615385 0.12620192307692302 0.24879807692307687
3 0.5240384615384616 0.43389423076923084 0.13461538461538458 0.24399038461538464
3 0.6971153846153846 0.41346153846153844 0.13100961538461542 0.2295673076923077
3 0.8713942307692307 0.4447115384615385 0.140625 0.2692307692307693
4 0.234375 0.2608173076923077 0.05889423076923084 0.06850961538461542
4 0.37740384615384615 0.25961538461538464 0.06730769230769229 0.078125
4 0.5216346153846154 0.24639423076923075 0.06610576923076916 0.06850961538461536
4 0.6862980769230769 0.2512019230769231 0.07451923076923073 0.07331730769230771
4 0.8629807692307694 0.24879807692307693 0.06610576923076927 0.06610576923076925
