0 0.22836538461538458 0.6201923076923077 0.024038461538461536 0.03725961538461542
0 0.32451923076923084 0.483173076923077 0.025240384615384637 0.025240384615384637
0 0.3689903846153846 0.5084134615384616 0.021634615384615363 0.030048076923076872
0 0.45913461538461536 0.5372596153846154 0.024038461538461564 0.03725961538461542
0 0.47115384615384615 0.6730769230769231 0.03245192307692307 0.03605769230769229
0 0.7439903846153846 0.37740384615384615 0.02043269230769229 0.030048076923076927
0 0.7752403846153846 0.5600961538461539 0.024038461538461564 0.030048076923076872
0 0.8004807692307694 0.27163461538461536 0.024038461538461564 0.024038461538461564
0 0.8461538461538461 0.32932692307692313 0.02043269230769229 0.025240384615384637
0 0.6766826923076923 0.19711538461538458 0.019230769230769273 0.024038461538461536
0 0.6766826923076923 0.13942307692307693 0.02163461538461542 0.02043269230769232
0 0.49158653846153844 0.09735576923076923 0.016826923076923073 0.02163461538461539
0 0.6033653846153846 0.09254807692307693 0.016826923076923128 0.025240384615384623
4 0.6237980769230769 0.34975961538461536 0.03125 0.03605769230769229
