3 0.46153846153846156 0.329326923076923 0.2391826923076923 0.11298076923076922
3 0.5096153846153846 0.4050480769230769 0.22836538461538458 0.09855769230769229
3 0.5180288461538461 0.6213942307692307 0.1923076923076923 0.11057692307692313
3 0.4747596153846154 0.7692307692307694 0.2608173076923077 0.12860576923076927
3 0.38942307692307687 0.8653846153846154 0.05168269230769229 0.027644230769230727
3 0.28245192307692313 0.4579326923076923 0.05288461538461542 0.025240384615384637
4 0.6346153846153847 0.34495192307692313 0.08293269230769229 0.08774038461538464
4 0.670673076923077 0.4098557692307692 0.07331730769230771 0.08653846153846156
4 0.6802884615384616 0.6069711538461537 0.05769230769230771 0.06971153846153844
4 0.6634615384615383 0.7415865384615384 0.10576923076923073 0.09254807692307687
