4 0.4547854689996371 0.8484842680432301 0.12195658719273794 0.11425951388242706
4 0.521246368052344 0.7563081894570352 0.082721746059368 0.06636546527495735
4 0.5025265041362268 0.7016314848141687 0.148540533530228 0.12833571609066186
4 0.5403837547461162 0.6417763698815411 0.09868642892852453 0.07944374565274737
4 0.5715179954317022 0.5635333428369569 0.07599873613506469 0.07696087029885346
4 0.6308404282004143 0.42541134241530754 0.07601066535728329 0.08082133617622755
4 0.6353907225485103 0.34468544001682944 0.1456779894832989 0.13894305033677684
4 0.6831556161295371 0.18816359826100457 0.08616675557705078 0.08809102390462842
4 0.7563156666621103 0.12404449031353003 0.08324456541902803 0.07939602876387256
4 0.7808461896455798 0.013977132174988404 0.09584774332603274 0.027954264349976807
4 0.713235952423951 0.8994970023595985 0.3714039821165729 0.20100599528080287
3 0.7962201413721306 0.8019480843507296 0.3912291308631035 0.27288662871707325
3 0.7307473013456129 0.6896247680180991 0.25334364846786517 0.1571302320889787
3 0.7396212348196496 0.6200290192253959 0.25098006533615835 0.1730471980692604
3 0.7993949116147093 0.494961440737099 0.23015699475918283 0.14933772500091824
3 0.861960014024143 0.41254985445541736 0.27607997195171396 0.22936393612441885
3 0.8603513534808702 0.24470699153831835 0.27929729303825956 0.1958780415293449
3 0.9057809371722649 0.1709188250640804 0.18843812565547025 0.15571685389884224
3 0.9164245756895267 0.06915681324761364 0.16715084862094653 0.13831362649522727
