3 0.36651966518683443 0.8535770424490469 0.3516254121609732 0.19985190865875113
3 0.36157044552594075 0.7500252356317785 0.16946641688584752 0.11918562431455915
3 0.3898478588458307 0.6699969433782877 0.22896095922880078 0.15540202194858277
3 0.43537566670391 0.604474803205078 0.18975525396298887 0.11712744247112783
3 0.467916543751184 0.5552719317817008 0.16000790662126996 0.08458671776433757
3 0.4975169433928649 0.5183207956474885 0.14711909328430717 0.08380253967601814
3 0.5001145428317033 0.46970586736474607 0.16329141433410177 0.09345698020731247
3 0.5548554910995123 0.4413800808401125 0.12428179167549047 0.0656208670089875
3 0.5765657366532547 0.4103097471766028 0.11232410412688476 0.06390556313231077
3 0.5847011082555571 0.3656154046544899 0.10203273788827649 0.07875459317934663
3 0.6803635226873064 0.20457886413295578 0.18475659471396433 0.12516454425910398
5 0.6254232926621355 0.9247854258905969 0.12090062351026809 0.12369400087533955
5 0.5744573535192733 0.6404465926866731 0.08483132591676612 0.07924457118662298
5 0.6062633397258748 0.5457162180861843 0.06821785708589045 0.053319844472175304
5 0.619250422877164 0.49700332467008324 0.06816887451921128 0.05792649084728202
5 0.6430190026148217 0.45735677630415794 0.05292767925777386 0.04734092452763056
4 0.5247638947266842 0.7179264204084885 0.06282718496294815 0.06934506548144859
4 0.596265716546858 0.5873721180693455 0.06939404804812788 0.058220538587841375
4 0.6586523630906607 0.430010945794077 0.05454486566060812 0.03964685304689308
4 0.6550751123182376 0.3747310369523126 0.04346932133368031 0.041607069756965986
