4 0.19951923076923078 0.29447115384615385 0.21153846153846156 0.1550480769230769
4 0.21274038461538458 0.9651442307692308 0.15985576923076916 0.06610576923076927
4 0.24038461538461542 0.921875 0.18149038461538458 0.09735576923076927
4 0.28125 0.48076923076923084 0.234375 0.15264423076923084
3 0.5372596153846154 0.13701923076923078 0.6237980769230769 0.2620192307692307
3 0.6598557692307693 0.6658653846153846 0.6778846153846154 0.2548076923076923
3 0.6826923076923077 0.8353365384615384 0.625 0.10456730769230771
3 0.7115384615384616 0.44711538461538464 0.5733173076923077 0.24278846153846156
3 0.7259615384615384 0.9338942307692307 0.5456730769230769 0.1298076923076923
3 0.8028846153846154 0.30288461538461536 0.3028846153846154 0.10456730769230771
4 0.8401442307692307 0.1346153846153846 0.265625 0.15144230769230765
4 0.11538461538461542 0.6322115384615384 0.19110576923076916 0.1670673076923077
1 0.1358173076923077 0.1622596153846154 0.25 0.12139423076923078
