4 0.17427884615384615 0.11899038461538461 0.21153846153846145 0.1947115384615385
4 0.25841346153846156 0.8701923076923077 0.21995192307692313 0.22475961538461542
4 0.29447115384615385 0.6057692307692308 0.08894230769230771 0.06610576923076927
4 0.30408653846153844 0.29086538461538464 0.08894230769230771 0.09375
4 0.3161057692307692 0.7103365384615385 0.10576923076923073 0.08653846153846156
4 0.32572115384615385 0.47235576923076916 0.11057692307692313 0.06850961538461536
4 0.4278846153846153 0.794471153846154 0.09855769230769229 0.055288461538461564
4 0.5144230769230769 0.18870192307692307 0.125 0.07932692307692307
3 0.5432692307692307 0.45552884615384615 0.29567307692307687 0.13942307692307687
3 0.5540865384615384 0.7043269230769231 0.29807692307692313 0.1454326923076923
3 0.5721153846153846 0.2932692307692308 0.342548076923077 0.140625
3 0.6947115384615384 0.12139423076923077 0.5625 0.21153846153846154
3 0.7319711538461539 0.8581730769230769 0.46995192307692313 0.280048076923077
