1 0.33712386354612084 0.22948225673531805 0.11842008908173496 0.08328072720956242
1 0.4380730186969741 0.6196916432612768 0.07768681149450929 0.04171079814918954
1 0.4535553524800706 0.7154925184664822 0.12096032342312002 0.07494449240003676
1 0.4772929560073812 0.8560387796138873 0.07614450293651198 0.050208307268955976
1 0.3911323197164424 0.29755316945928023 0.10219128777094111 0.06705192589876835
1 0.40532445901761416 0.3853706383973853 0.08557937799577786 0.06047983380136879
1 0.4441816930850756 0.5941286813575696 0.07240491387903436 0.033082294641126886
1 0.43090717032236237 0.45496345445792125 0.07814035450328705 0.050530855889437176
1 0.41487057906413555 0.3367243890874676 0.08847244087958794 0.04831317016853337
1 0.5052552831636563 0.8136321990803677 0.08921825258690275 0.06495535986564072
1 0.5370974126458434 0.9282929497035843 0.098552413179816 0.06257639983449637
1 0.534345874671233 0.8795861405497786 0.09739321308618787 0.06141719974086812
