4 0.49158653846153844 0.11899038461538461 0.4110576923076923 0.19711538461538464
4 0.2259615384615385 0.4338942307692307 0.3088942307692307 0.17788461538461536
4 0.6346153846153846 0.7163461538461539 0.09014423076923073 0.05168269230769229
4 0.6153846153846154 0.7584134615384616 0.05769230769230771 0.04206730769230771
4 0.6165865384615384 0.9074519230769231 0.07932692307692313 0.050480769230769273
3 0.7271634615384616 0.18870192307692307 0.45192307692307687 0.18028846153846156
3 0.6105769230769231 0.4471153846153846 0.5096153846153846 0.19831730769230765
3 0.8269230769230769 0.7019230769230769 0.265625 0.07331730769230771
3 0.7800480769230769 0.7644230769230769 0.23076923076923084 0.06370192307692302
3 0.8100961538461539 0.9158653846153846 0.2391826923076923 0.078125
