2 0.17755204800987057 0.00673700726890144 0.1555936732366261 0.01347401453780288
2 0.44299579750199414 0.12571351053490398 0.14147516918928082 0.11482641000876562
2 0.06882634229426726 0.1941424971077178 0.13765268458853452 0.13400932222576475
2 0.6119449348037357 0.7510864787885658 0.11127896174481022 0.09573385222284281
2 0.5766486746853723 0.8228084294137462 0.0948493733346788 0.07930426381271172
2 0.3497466921337499 0.60039557028204 0.13081852533046445 0.1008386712523851
5 0.4884042948780255 0.34872320617990565 0.12082524063777145 0.11083195594507822
2 0.3805016052463181 0.4192539701194541 0.12686448212666568 0.11465046750226282
2 0.16072083734181464 0.7580626290777712 0.15768363787737094 0.12326232393587233
2 0.2770737399675781 0.8062766738465486 0.1263318882515072 0.11189714369539472
2 0.8242432766630834 0.6207719491993611 0.08636828219203396 0.06971280770421218
