3 0.3028846153846155 0.765625 0.282451923076923 0.13461538461538458
3 0.29807692307692313 0.6394230769230769 0.2608173076923077 0.11538461538461531
3 0.3798076923076923 0.5552884615384616 0.20673076923076916 0.09495192307692313
3 0.3076923076923077 0.41706730769230765 0.24399038461538458 0.09735576923076927
3 0.34014423076923067 0.46153846153846156 0.20673076923076927 0.078125
3 0.3870192307692307 0.3461538461538462 0.15625 0.06971153846153844
3 0.43028846153846156 0.6862980769230769 0.04567307692307687 0.04086538461538458
4 0.5264423076923077 0.7512019230769231 0.08774038461538458 0.10096153846153844
4 0.4903846153846155 0.6430288461538461 0.07932692307692302 0.06129807692307687
4 0.5084134615384616 0.6766826923076923 0.06730769230769229 0.046875
4 0.5456730769230769 0.5492788461538461 0.06610576923076927 0.06129807692307687
4 0.49399038461538464 0.4603365384615384 0.055288461538461564 0.055288461538461564
4 0.4795673076923077 0.4050480769230769 0.08413461538461542 0.07451923076923073
4 0.5072115384615383 0.34735576923076933 0.043269230769230727 0.038461538461538436
