0 0.8853734335845881 0.5908033710515499 0.09894752211446112 0.11697466815575819
0 0.5949026030782552 0.3676441764583504 0.08816583816035839 0.10686065627725905
0 0.5159111556229699 0.4162936766376599 0.08278323304871726 0.09413365833397835
4 0.4142847525204448 0.43353783448760896 0.08490165375079395 0.09758742318726232
4 0.33461735194438463 0.42104992654003126 0.09568333770489679 0.10770143506576135
4 0.3513176115986886 0.7382604991726276 0.09167730525127515 0.11170746751938287
4 0.2966179225916558 0.7934136133950742 0.07163886193799629 0.08298928722325727
4 0.24559452634326767 0.7997936302772958 0.0950733678669261 0.1110974976814123
4 0.5104545512619183 0.7100367958796852 0.08404440123147106 0.10540990765078584
4 0.4275641947831059 0.7114216495828759 0.07612298602350198 0.0854703950819522
4 0.390586666898385 0.7313859169277012 0.03967297096312705 0.03833762681191999
4 0.6732922733812197 0.2416188031179563 0.09868376570228798 0.1367410740116929
4 0.7821479299186829 0.6364030220410062 0.06896817363558194 0.08565997552567184
4 0.7558779100196109 0.6769167717926357 0.056315351660754964 0.06766577694601617
4 0.7153558792228104 0.5881162973778364 0.06557211101993121 0.08626994536364252
4 0.6893743705119033 0.6458988713958851 0.06309100316123617 0.08178582127813683
4 0.6191533097387386 0.6405080735985944 0.05812878744384631 0.07281757310712533
4 0.5683607224408824 0.6607031498939515 0.061277567378144826 0.07663402511702755
4 0.5680227900602557 0.7025110152899758 0.03929381007568822 0.05264725158776007
3 0.8292311002772104 0.41485922502296446 0.16162641692661728 0.2437500822258591
3 0.7394909163294634 0.41981324805470477 0.13746653668445086 0.21358115330326027
3 0.651506465927175 0.42646530239427055 0.15412539111289947 0.2275693194292946
3 0.5740399430668162 0.4629977744682702 0.14884171674570357 0.23563908657417065
3 0.5093581203873707 0.49966212474835625 0.15399351290681296 0.23745252235726183
3 0.4487812609059923 0.5545679562894505 0.14129946242517366 0.201389949229497
3 0.3638301859627364 0.5566781843058776 0.13341927572401713 0.19951881120877263
3 0.26666315216972536 0.5306637281333293 0.2033271588925467 0.31349305136713945
3 0.16417949654787722 0.558631867699748 0.23269653753345532 0.3482038066128767
3 0.5439120659319869 0.18988659464667368 0.1807663792137607 0.2622223724373989
3 0.46139267765496395 0.2548322620978135 0.1688718790138115 0.21560892430606288
3 0.3538891040780931 0.27182913726641017 0.1634728001713498 0.21822191037084437
3 0.2296029905523368 0.21482972815875254 0.21485069089070663 0.3103277977020203
