1 0.7740384615384616 0.4651442307692308 0.12019230769230771 0.07451923076923073
1 0.7716346153846154 0.078125 0.12019230769230771 0.06610576923076922
1 0.7668269230769231 0.2644230769230769 0.11899038461538469 0.05649038461538461
1 0.765625 0.8173076923076923 0.09375 0.05288461538461542
1 0.7572115384615384 0.6141826923076923 0.140625 0.07451923076923073
1 0.7536057692307692 0.390625 0.13701923076923073 0.07451923076923078
1 0.7355769230769231 0.9831730769230769 0.09014423076923073 0.030048076923076872
1 0.734375 0.6730769230769231 0.08173076923076916 0.04206730769230771
1 0.7319711538461539 0.8822115384615383 0.14182692307692313 0.06971153846153844
1 0.7271634615384616 0.21153846153846156 0.1298076923076923 0.06730769230769232
1 0.6802884615384616 0.7295673076923077 0.11899038461538458 0.06850961538461542
