5 0.6177884615384617 0.5168269230769231 0.050480769230769273 0.06730769230769229
5 0.4230769230769232 0.44591346153846156 0.06370192307692302 0.07331730769230771
5 0.46995192307692313 0.5408653846153846 0.02644230769230771 0.02163461538461542
4 0.3713942307692307 0.4338942307692307 0.05769230769230771 0.03725961538461536
3 0.6165865384615384 0.5805288461538461 0.08653846153846145 0.09855769230769229
3 0.4002403846153845 0.5649038461538461 0.09254807692307698 0.17307692307692313
3 0.34615384615384615 0.5372596153846154 0.08293269230769229 0.14182692307692302
3 0.4567307692307693 0.5841346153846154 0.04206730769230771 0.06850961538461542
3 0.4747596153846155 0.5973557692307693 0.027644230769230727 0.046875
3 0.5012019230769231 0.6394230769230769 0.024038461538461564 0.02644230769230771
