0 0.7283653846153846 0.5120192307692307 0.07932692307692302 0.04567307692307687
0 0.6658653846153846 0.18509615384615385 0.08413461538461542 0.04206730769230771
0 0.6442307692307693 0.23557692307692318 0.05769230769230771 0.043269230769230727
4 0.4026442307692308 0.40745192307692313 0.06610576923076927 0.04567307692307687
5 0.3605769230769231 0.4026442307692308 0.06129807692307698 0.038461538461538436
5 0.36778846153846156 0.3221153846153846 0.06971153846153855 0.046875
5 0.38221153846153844 0.6622596153846154 0.046875 0.03725961538461542
5 0.251201923076923 0.6322115384615385 0.04206730769230771 0.03725961538461531
5 0.20913461538461542 0.5949519230769231 0.04086538461538458 0.027644230769230727
1 0.59375 0.9002403846153846 0.04086538461538458 0.027644230769230727
