5 0.49575137512661643 0.13618726376676954 0.08117437836867702 0.05802704961091218
5 0.1999020718485916 0.6367459391034209 0.0393033345718069 0.0324952967018759
5 0.05596702070560278 0.009167518872814025 0.06824605120352922 0.01833503774562805
2 0.5711266426272062 0.30043359372404455 0.08829342808442608 0.059699669030716385
2 0.5238017225461316 0.5923146320697471 0.0528536854285907 0.05557690057656317
3 0.2692644436633668 0.6370328947924856 0.08960320035077574 0.056924618575107555
3 0.6150914318921529 0.611612258486982 0.1211654615151978 0.07078598127770941
3 0.6862754854624595 0.35282448437803815 0.16470912473187216 0.10343678390249444
3 0.6255807790053414 0.125764643937737 0.17674236209176086 0.12363966670630011
3 0.1667996434315991 0.010147306427248507 0.16915679460728505 0.020294612854497015
