1 0.3851708174884991 0.5690913851300587 0.0690721478197599 0.039658901328905816
1 0.3699309026402336 0.6666903376272262 0.07978734856154002 0.053939344069577344
1 0.4195694921720448 0.38335403001710466 0.07032679868015912 0.04715272568736478
1 0.3786939839179212 0.6406436225529577 0.06978909116855947 0.0439410866765968
1 0.34731310634911416 0.8477967730906427 0.05158493475459647 0.03465003525986243
1 0.4693532367371206 0.14516477308121364 0.0860362594321531 0.06018825494019042
1 0.3585854893476001 0.8067624092994561 0.10334910534639297 0.07037061685664747
1 0.3827531152519237 0.7018537369673059 0.06943061949415985 0.04179999400275125
1 0.42126934550479 0.4980963299638653 0.06675668799499102 0.04447392550191975
1 0.4762411919761088 0.24206625697468778 0.06801133885539024 0.05196774986037883
