4 0.4326923076923077 0.3846153846153847 0.06850961538461542 0.07932692307692307
4 0.4807692307692308 0.40865384615384615 0.055288461538461564 0.07331730769230771
4 0.7536057692307693 0.37139423076923084 0.07211538461538458 0.06370192307692307
2 0.3545673076923077 0.4110576923076923 0.0625 0.06610576923076922
3 0.4170673076923077 0.5612980769230769 0.15024038461538458 0.2560096153846154
3 0.7644230769230769 0.5456730769230769 0.11057692307692302 0.19951923076923084
3 0.6141826923076923 0.45072115384615385 0.027644230769230727 0.06971153846153849
1 0.5192307692307693 0.4026442307692308 0.03605769230769229 0.046875
1 0.5588942307692307 0.3942307692307692 0.04567307692307687 0.05168269230769229
1 0.6346153846153846 0.4050480769230769 0.04807692307692313 0.055288461538461564
