3 0.6634615384615384 0.7524038461538461 0.24879807692307687 0.11778846153846145
3 0.27403846153846156 0.5168269230769231 0.1875 0.09975961538461542
3 0.3245192307692307 0.40625 0.07932692307692313 0.13100961538461542
3 0.6947115384615384 0.22235576923076927 0.18629807692307687 0.10336538461538458
3 0.7319711538461539 0.05649038461538458 0.1514423076923077 0.07211538461538458
3 0.7764423076923077 0.6057692307692307 0.05649038461538458 0.02043269230769229
4 0.8233173076923077 0.7175480769230769 0.08173076923076916 0.07692307692307698
4 0.8161057692307692 0.6069711538461539 0.025240384615384692 0.02043269230769229
5 0.3786057692307693 0.5733173076923077 0.07692307692307687 0.05889423076923084
5 0.8245192307692308 0.23317307692307682 0.07211538461538469 0.08173076923076927
5 0.8353365384615384 0.06129807692307687 0.05769230769230771 0.05649038461538458
