5 0.7411610250934801 0.28358715759206116 0.1027133886978191 0.10466539069418504
4 0.699679284347707 0.684262370153923 0.09921445310723875 0.09140644512177509
4 0.6934624986063141 0.5158945793247021 0.09935718625624657 0.09545318226351485
3 0.6971610082381385 0.3823165703600401 0.14282392724269644 0.0959758793299143
3 0.6706325382908267 0.4451962814483931 0.12961321719991836 0.06519715131984305
5 0.628053221002847 0.7333961218907186 0.09511948043586727 0.11854350439225825
4 0.6122595001987134 0.23345822069198602 0.12018493560584875 0.1416569575658737
3 0.5052469063054496 0.7402069712730149 0.1659016971290599 0.12002965021446088
3 0.48642871144750327 0.18242464936823188 0.18818188245350032 0.15011784352436497
4 0.7966985843705328 0.3746850053709485 0.11410425109074696 0.08384822014707527
0 0.7653026616746859 0.4606907218752969 0.09438268364595592 0.06900665769319886
