1 0.6490384615384616 0.6706730769230769 0.06730769230769229 0.04086538461538458
1 0.6322115384615384 0.2403846153846154 0.10096153846153855 0.05288461538461536
1 0.6298076923076923 0.5745192307692307 0.09735576923076916 0.05649038461538458
1 0.6262019230769231 0.8701923076923077 0.09014423076923073 0.05649038461538458
1 0.6262019230769231 0.9399038461538461 0.07451923076923073 0.03605769230769229
1 0.6189903846153846 0.7043269230769231 0.08413461538461531 0.050480769230769273
1 0.6057692307692308 0.3425480769230769 0.06971153846153844 0.03605769230769229
1 0.59375 0.4495192307692308 0.09014423076923084 0.05769230769230771
1 0.5925480769230769 0.171875 0.08413461538461531 0.046875
1 0.5925480769230769 0.28846153846153844 0.07211538461538458 0.04807692307692307
1 0.5564903846153846 0.09375 0.10336538461538458 0.0685096153846154
