4 0.05048076923076923 0.5793269230769231 0.04567307692307692 0.06370192307692307
4 0.19951923076923078 0.5360576923076923 0.06850961538461539 0.078125
4 0.2848557692307692 0.5625 0.036057692307692304 0.056490384615384616
4 0.32091346153846156 0.5348557692307693 0.0733173076923077 0.0985576923076923
4 0.375 0.5480769230769231 0.04326923076923077 0.0673076923076923
4 0.4411057692307692 0.5516826923076923 0.04807692307692308 0.046875
4 0.5588942307692307 0.5612980769230769 0.051682692307692304 0.04567307692307692
4 0.6201923076923077 0.5444711538461539 0.08413461538461539 0.09254807692307693
4 0.7487980769230769 0.5408653846153846 0.055288461538461536 0.052884615384615384
4 0.8149038461538461 0.5793269230769231 0.04807692307692308 0.052884615384615384
4 0.9290865384615384 0.5612980769230769 0.06129807692307692 0.05889423076923077
3 0.055288461538461536 0.6742788461538461 0.0673076923076923 0.13942307692307693
3 0.20432692307692307 0.7487980769230769 0.12620192307692307 0.265625
3 0.31971153846153844 0.7788461538461539 0.13221153846153846 0.2800480769230769
3 0.3870192307692308 0.7019230769230769 0.0673076923076923 0.1875
3 0.4411057692307692 0.6911057692307693 0.0829326923076923 0.18028846153846154
3 0.5492788461538461 0.7043269230769231 0.0673076923076923 0.16826923076923078
3 0.6370192307692307 0.7620192307692307 0.10096153846153846 0.265625
3 0.7536057692307693 0.6947115384615384 0.0889423076923077 0.21875
3 0.8269230769230769 0.7307692307692307 0.0625 0.19831730769230768
3 0.9278846153846154 0.7127403846153846 0.0985576923076923 0.18269230769230768