5 0.3401442307692308 0.31971153846153844 0.052884615384615384 0.1201923076923077
5 0.44350961538461536 0.14423076923076922 0.05048076923076923 0.06971153846153846
5 0.29086538461538464 0.12139423076923077 0.06370192307692307 0.07932692307692307
4 0.65625 0.2512019230769231 0.09735576923076923 0.10336538461538461
4 0.5685096153846154 0.1502403846153846 0.042067307692307696 0.05048076923076923
0 0.10817307692307693 0.23197115384615385 0.027644230769230768 0.04567307692307692
0 0.17908653846153846 0.14423076923076922 0.020432692307692308 0.03125
0 0.1466346153846154 0.14182692307692307 0.016826923076923076 0.021634615384615384
3 0.22115384615384615 0.36658653846153844 0.17067307692307693 0.21995192307692307
3 0.2692307692307692 0.2127403846153846 0.08774038461538461 0.1201923076923077
3 0.04567307692307692 0.19591346153846154 0.07211538461538461 0.06971153846153846
3 0.13942307692307693 0.2764423076923077 0.055288461538461536 0.08173076923076923
3 0.4098557692307692 0.22596153846153846 0.078125 0.14543269230769232
3 0.7776442307692307 0.35096153846153844 0.16706730769230768 0.23918269230769232
3 0.8473557692307693 0.25240384615384615 0.078125 0.07692307692307693
3 0.5661057692307693 0.2247596153846154 0.078125 0.10576923076923077
3 0.4879807692307692 0.1935096153846154 0.038461538461538464 0.04807692307692308