4 0.03485576923076923 0.7644230769230769 0.025240384615384616 0.026442307692307692
4 0.3473557692307692 0.6334134615384616 0.010817307692307692 0.014423076923076924
4 0.4891826923076923 0.7355769230769231 0.015625 0.020432692307692308
4 0.43028846153846156 0.7668269230769231 0.01201923076923077 0.026442307692307692
4 0.5841346153846154 0.7067307692307693 0.015625 0.021634615384615384
3 0.037259615384615384 0.8149038461538461 0.030048076923076924 0.06370192307692307
3 0.3449519230769231 0.6574519230769231 0.014423076923076924 0.042067307692307696
3 0.4963942307692308 0.6742788461538461 0.016826923076923076 0.036057692307692304
3 0.5384615384615384 0.6778846153846154 0.019230769230769232 0.042067307692307696
3 0.7512019230769231 0.38221153846153844 0.016826923076923076 0.03125
3 0.7800480769230769 0.390625 0.016826923076923076 0.03125
4 0.47475961538461536 0.36538461538461536 0.01201923076923077 0.014423076923076924
4 0.7512019230769231 0.3581730769230769 0.006009615384615385 0.014423076923076924
4 0.7800480769230769 0.36658653846153844 0.010817307692307692 0.014423076923076924