3 0.13942307692307693 0.5192307692307693 0.1201923076923077 0.3161057692307692
3 0.234375 0.546875 0.08173076923076923 0.1466346153846154
3 0.31490384615384615 0.5384615384615384 0.1045673076923077 0.19951923076923078
3 0.3858173076923077 0.5108173076923077 0.07451923076923077 0.16826923076923078
3 0.4387019230769231 0.49158653846153844 0.04807692307692308 0.14543269230769232
3 0.4795673076923077 0.4723557692307692 0.05048076923076923 0.13221153846153846
3 0.5252403846153846 0.4807692307692308 0.056490384615384616 0.1466346153846154
3 0.5637019230769231 0.4362980769230769 0.037259615384615384 0.11298076923076923
3 0.5973557692307693 0.4230769230769231 0.038461538461538464 0.10096153846153846
3 0.640625 0.4254807692307692 0.056490384615384616 0.08653846153846154
3 0.8112980769230769 0.37259615384615385 0.08413461538461539 0.16105769230769232
5 0.1310096153846154 0.26322115384615385 0.0985576923076923 0.09495192307692307
5 0.38341346153846156 0.3737980769230769 0.06129807692307692 0.06850961538461539
5 0.47836538461538464 0.36538461538461536 0.038461538461538464 0.057692307692307696
5 0.5264423076923077 0.3641826923076923 0.04326923076923077 0.056490384615384616
5 0.5685096153846154 0.35096153846153844 0.036057692307692304 0.04326923076923077
4 0.3004807692307692 0.4026442307692308 0.056490384615384616 0.04807692307692308
4 0.4375 0.36538461538461536 0.04326923076923077 0.057692307692307696
4 0.5973557692307693 0.3425480769230769 0.027644230769230768 0.046875
4 0.6478365384615384 0.3581730769230769 0.03245192307692308 0.03485576923076923