3 0.052884615384615384 0.5048076923076923 0.10096153846153846 0.25
3 0.21514423076923078 0.4519230769230769 0.1201923076923077 0.23918269230769232
3 0.3293269230769231 0.4963942307692308 0.11057692307692307 0.24639423076923078
3 0.890625 0.4050480769230769 0.09014423076923077 0.1971153846153846
5 0.11057692307692307 0.29086538461538464 0.07451923076923077 0.06971153846153846
5 0.15144230769230768 0.3112980769230769 0.046875 0.07692307692307693
4 0.24519230769230768 0.2644230769230769 0.08173076923076923 0.0985576923076923
0 0.34375 0.31009615384615385 0.07211538461538461 0.07932692307692307
4 0.055288461538461536 0.33413461538461536 0.07451923076923077 0.07211538461538461
4 0.5949519230769231 0.5348557692307693 0.07692307692307693 0.08413461538461539
4 0.6947115384615384 0.49759615384615385 0.07451923076923077 0.0733173076923077