5 0.39302884615384615 0.2247596153846154 0.0733173076923077 0.0829326923076923
5 0.44711538461538464 0.22596153846153846 0.052884615384615384 0.07211538461538461
5 0.5492788461538461 0.30528846153846156 0.06129807692307692 0.06370192307692307
5 0.5384615384615384 0.24639423076923078 0.04807692307692308 0.04807692307692308
5 0.65625 0.28966346153846156 0.046875 0.04807692307692308
5 0.6778846153846154 0.27163461538461536 0.03485576923076923 0.06370192307692307
5 0.5588942307692307 0.5396634615384616 0.056490384615384616 0.07932692307692307
5 0.6478365384615384 0.5192307692307693 0.06370192307692307 0.06610576923076923
4 0.7644230769230769 0.5192307692307693 0.06610576923076923 0.06370192307692307
4 0.8088942307692307 0.2776442307692308 0.06610576923076923 0.051682692307692304
4 0.8978365384615384 0.3173076923076923 0.06370192307692307 0.07211538461538461
4 0.7451923076923077 0.27524038461538464 0.05048076923076923 0.0625
4 0.7427884615384616 0.27524038461538464 0.046875 0.06370192307692307
4 0.5036057692307693 0.24879807692307693 0.030048076923076924 0.056490384615384616
4 0.4807692307692308 0.20673076923076922 0.036057692307692304 0.04326923076923077
3 0.38100961538461536 0.44471153846153844 0.1466346153846154 0.27403846153846156
3 0.4735576923076923 0.46153846153846156 0.040865384615384616 0.1971153846153846
3 0.5456730769230769 0.45072115384615385 0.09254807692307693 0.17067307692307693
3 0.6526442307692307 0.4495192307692308 0.09735576923076923 0.1971153846153846
3 0.7980769230769231 0.46033653846153844 0.11538461538461539 0.21394230769230768
3 0.8990384615384616 0.5096153846153846 0.12620192307692307 0.23918269230769232
3 0.46634615384615385 0.7956730769230769 0.17067307692307693 0.3076923076923077
3 0.7848557692307693 0.6971153846153846 0.140625 0.2608173076923077
3 0.6550480769230769 0.6971153846153846 0.109375 0.2127403846153846