1 0.10216346153846154 0.32572115384615385 0.07932692307692307 0.12980769230769232
1 0.5793269230769231 0.3701923076923077 0.036057692307692304 0.08774038461538461
1 0.6947115384615384 0.3701923076923077 0.06850961538461539 0.1346153846153846
1 0.8641826923076923 0.3713942307692308 0.046875 0.08413461538461539
1 0.19230769230769232 0.3762019230769231 0.0625 0.11298076923076923
1 0.2980769230769231 0.3762019230769231 0.057692307692307696 0.09375
1 0.5504807692307693 0.38221153846153844 0.026442307692307692 0.0829326923076923
1 0.38461538461538464 0.39302884615384615 0.046875 0.08653846153846154
1 0.24278846153846154 0.39663461538461536 0.042067307692307696 0.09975961538461539
1 0.8197115384615384 0.41225961538461536 0.0625 0.09735576923076923
1 0.9603365384615384 0.42788461538461536 0.057692307692307696 0.109375
1 0.9026442307692307 0.4338942307692308 0.056490384615384616 0.10817307692307693