0 0.18509615384615385 0.2127403846153846 0.07692307692307693 0.109375
0 0.4050480769230769 0.5504807692307693 0.0673076923076923 0.10096153846153846
0 0.5048076923076923 0.5288461538461539 0.06610576923076923 0.08653846153846154
4 0.6165865384615384 0.5480769230769231 0.0673076923076923 0.09014423076923077
4 0.6947115384615384 0.5901442307692307 0.07692307692307693 0.0985576923076923
4 0.7932692307692307 0.2548076923076923 0.06971153846153846 0.10576923076923077
4 0.8701923076923077 0.21754807692307693 0.056490384615384616 0.07692307692307693
4 0.9254807692307693 0.22956730769230768 0.07451923076923077 0.10336538461538461
4 0.6177884615384616 0.22596153846153846 0.0625 0.10096153846153846
4 0.7043269230769231 0.2548076923076923 0.06129807692307692 0.078125
4 0.75 0.24759615384615385 0.03485576923076923 0.03245192307692308
4 0.2776442307692308 0.6526442307692307 0.0673076923076923 0.13581730769230768
4 0.3088942307692308 0.203125 0.051682692307692304 0.08173076923076923
4 0.35096153846153844 0.17067307692307693 0.04326923076923077 0.06370192307692307
4 0.3605769230769231 0.2776442307692308 0.046875 0.08413461538461539
4 0.40865384615384615 0.22716346153846154 0.04567307692307692 0.07932692307692307
4 0.4795673076923077 0.25841346153846156 0.04326923076923077 0.06971153846153846
4 0.5396634615384616 0.25600961538461536 0.04567307692307692 0.0733173076923077
4 0.5552884615384616 0.2127403846153846 0.027644230769230768 0.051682692307692304
3 0.17908653846153846 0.41586538461538464 0.10096153846153846 0.24879807692307693
3 0.27403846153846156 0.44350961538461536 0.0829326923076923 0.21995192307692307
3 0.36778846153846156 0.46875 0.0985576923076923 0.23076923076923078
3 0.46153846153846156 0.45913461538461536 0.08774038461538461 0.2439903846153846
3 0.5420673076923077 0.44471153846153844 0.09375 0.2439903846153846
3 0.625 0.4098557692307692 0.09375 0.20192307692307693
3 0.7139423076923077 0.4387019230769231 0.08413461538461539 0.203125
3 0.8052884615384616 0.5012019230769231 0.12379807692307693 0.32211538461538464
3 0.921875 0.5096153846153846 0.1466346153846154 0.3545673076923077
3 0.39302884615384615 0.7536057692307693 0.11778846153846154 0.2644230769230769
3 0.5024038461538461 0.7163461538461539 0.12379807692307693 0.20793269230769232
3 0.6201923076923077 0.7379807692307693 0.11538461538461539 0.21394230769230768
3 0.7283653846153846 0.8425480769230769 0.140625 0.3125