1 0.8569711538461539 0.4170673076923077 0.038461538461538464 0.06610576923076923
1 0.6502403846153846 0.4362980769230769 0.046875 0.08413461538461539
1 0.4951923076923077 0.4639423076923077 0.052884615384615384 0.09975961538461539
1 0.34615384615384615 0.46875 0.03245192307692308 0.05889423076923077
1 0.3870192307692308 0.47475961538461536 0.036057692307692304 0.055288461538461536
1 0.3004807692307692 0.4831730769230769 0.040865384615384616 0.08173076923076923
1 0.44711538461538464 0.484375 0.036057692307692304 0.07211538461538461
1 0.328125 0.49038461538461536 0.025240384615384616 0.055288461538461536
1 0.03245192307692308 0.5168269230769231 0.03485576923076923 0.0673076923076923
1 0.1502403846153846 0.5204326923076923 0.042067307692307696 0.08413461538461539
1 0.19230769230769232 0.5288461538461539 0.015625 0.042067307692307696
1 0.11177884615384616 0.5348557692307693 0.02403846153846154 0.042067307692307696