4 0.18028846153846154 0.36899038461538464 0.05889423076923077 0.057692307692307696
4 0.2620192307692308 0.3762019230769231 0.040865384615384616 0.0625
4 0.3605769230769231 0.359375 0.04567307692307692 0.05889423076923077
4 0.4519230769230769 0.37259615384615385 0.052884615384615384 0.06129807692307692
4 0.5168269230769231 0.38100961538461536 0.052884615384615384 0.06971153846153846
4 0.5889423076923077 0.3605769230769231 0.05889423076923077 0.056490384615384616
3 0.1814903846153846 0.5276442307692307 0.0673076923076923 0.2247596153846154
3 0.2608173076923077 0.5276442307692307 0.10576923076923077 0.20673076923076922
3 0.359375 0.5132211538461539 0.09975961538461539 0.20432692307692307
3 0.4567307692307692 0.5060096153846154 0.08173076923076923 0.19951923076923078
3 0.5252403846153846 0.5324519230769231 0.10817307692307693 0.21514423076923078
3 0.6177884615384616 0.5240384615384616 0.0985576923076923 0.22596153846153846