4 0.44350961538461536 0.359375 0.39903846153846156 0.4098557692307692
2 0.14543269230769232 0.6442307692307693 0.12139423076923077 0.1310096153846154
2 0.8221153846153846 0.6850961538461539 0.051682692307692304 0.07692307692307693
2 0.6298076923076923 0.6995192307692307 0.040865384615384616 0.04567307692307692
2 0.7115384615384616 0.7103365384615384 0.03485576923076923 0.04567307692307692
2 0.27884615384615385 0.7127403846153846 0.042067307692307696 0.051682692307692304
2 0.2536057692307692 0.7079326923076923 0.025240384615384616 0.037259615384615384
2 0.19951923076923078 0.7223557692307693 0.040865384615384616 0.056490384615384616
2 0.22596153846153846 0.7139423076923077 0.027644230769230768 0.056490384615384616
2 0.5769230769230769 0.7139423076923077 0.037259615384615384 0.056490384615384616
2 0.7512019230769231 0.6862980769230769 0.04326923076923077 0.06129807692307692
2 0.8533653846153846 0.6706730769230769 0.025240384615384616 0.037259615384615384
2 0.8762019230769231 0.6911057692307693 0.026442307692307692 0.037259615384615384
2 0.8990384615384616 0.6947115384615384 0.02403846153846154 0.05048076923076923
2 0.9038461538461539 0.6790865384615384 0.016826923076923076 0.030048076923076924
2 0.9795673076923077 0.6887019230769231 0.03485576923076923 0.04807692307692308
4 0.009615384615384616 0.6899038461538461 0.019230769230769232 0.030048076923076924
2 0.007211538461538462 0.6730769230769231 0.014423076923076924 0.016826923076923076