5 0.09254807692307693 0.49399038461538464 0.06610576923076923 0.07692307692307693
5 0.18629807692307693 0.5420673076923077 0.042067307692307696 0.05048076923076923
5 0.22716346153846154 0.5 0.0673076923076923 0.06850961538461539
5 0.2980769230769231 0.5288461538461539 0.05048076923076923 0.06129807692307692
5 0.3629807692307692 0.48677884615384615 0.052884615384615384 0.0673076923076923
5 0.4362980769230769 0.5264423076923077 0.04567307692307692 0.04326923076923077
5 0.5024038461538461 0.4951923076923077 0.057692307692307696 0.056490384615384616
5 0.5745192307692307 0.5264423076923077 0.042067307692307696 0.05048076923076923
5 0.6478365384615384 0.4987980769230769 0.06129807692307692 0.06129807692307692
5 0.7079326923076923 0.5252403846153846 0.046875 0.05048076923076923
5 0.7776442307692307 0.5516826923076923 0.04567307692307692 0.046875
5 0.8413461538461539 0.4795673076923077 0.057692307692307696 0.056490384615384616
5 0.9302884615384616 0.4879807692307692 0.052884615384615384 0.04807692307692308