5 0.27884615384615385 0.25841346153846156 0.1201923076923077 0.11778846153846154
4 0.7560096153846154 0.29086538461538464 0.1045673076923077 0.1141826923076923
4 0.5564903846153846 0.30528846153846156 0.109375 0.1141826923076923
3 0.39783653846153844 0.30649038461538464 0.10817307692307693 0.1658653846153846
3 0.4735576923076923 0.33533653846153844 0.07211538461538461 0.15144230769230768
5 0.8173076923076923 0.3737980769230769 0.13701923076923078 0.10817307692307693
4 0.2247596153846154 0.41346153846153844 0.16346153846153846 0.13701923076923078
3 0.8305288461538461 0.5192307692307693 0.13581730769230768 0.19230769230769232
3 0.16947115384615385 0.5649038461538461 0.17067307692307693 0.21754807692307693
4 0.38461538461538464 0.18870192307692307 0.09495192307692307 0.13221153846153846
0 0.4879807692307692 0.22235576923076922 0.078125 0.109375