1 0.27524038461538464 0.17307692307692307 0.027644230769230768 0.04807692307692308
1 0.7560096153846154 0.22596153846153846 0.12980769230769232 0.23317307692307693
1 0.1310096153846154 0.2692307692307692 0.15264423076923078 0.2608173076923077
1 0.6117788461538461 0.2848557692307692 0.07692307692307693 0.15745192307692307
1 0.5841346153846154 0.030048076923076924 0.03125 0.04807692307692308
1 0.49038461538461536 0.3137019230769231 0.06610576923076923 0.11778846153846154
1 0.29927884615384615 0.33774038461538464 0.042067307692307696 0.08173076923076923
1 0.37259615384615385 0.3485576923076923 0.0985576923076923 0.1875
1 0.24879807692307693 0.3545673076923077 0.042067307692307696 0.07211538461538461
1 0.3137019230769231 0.037259615384615384 0.025240384615384616 0.055288461538461536
1 0.3786057692307692 0.037259615384615384 0.020432692307692308 0.04807692307692308
1 0.6370192307692307 0.037259615384615384 0.030048076923076924 0.06129807692307692
1 0.34375 0.038461538461538464 0.021634615384615384 0.038461538461538464
1 0.6923076923076923 0.04447115384615385 0.025240384615384616 0.057692307692307696
1 0.36538461538461536 0.05048076923076923 0.020432692307692308 0.04567307692307692