3 0.13341346153846154 0.4519230769230769 0.16346153846153846 0.29086538461538464
3 0.2824519230769231 0.4362980769230769 0.16826923076923078 0.328125
3 0.4519230769230769 0.7007211538461539 0.171875 0.22956730769230768
3 0.7355769230769231 0.3954326923076923 0.12139423076923077 0.3245192307692308
3 0.8485576923076923 0.38341346153846156 0.11899038461538461 0.3112980769230769
3 0.7536057692307693 0.6862980769230769 0.15625 0.18870192307692307
5 0.14903846153846154 0.2403846153846154 0.0985576923076923 0.0829326923076923
5 0.2692307692307692 0.18509615384615385 0.08774038461538461 0.08653846153846154
5 0.5685096153846154 0.6418269230769231 0.07451923076923077 0.1502403846153846
5 0.6430288461538461 0.6622596153846154 0.0733173076923077 0.1466346153846154
4 0.7403846153846154 0.16466346153846154 0.07932692307692307 0.07932692307692307
4 0.8088942307692307 0.16947115384615385 0.09375 0.1141826923076923