4 0.30649038461538464 0.2668269230769231 0.09735576923076923 0.1141826923076923
4 0.16826923076923078 0.3401442307692308 0.055288461538461536 0.06129807692307692
4 0.41586538461538464 0.28966346153846156 0.07932692307692307 0.09254807692307693
4 0.5144230769230769 0.359375 0.040865384615384616 0.040865384615384616
4 0.6442307692307693 0.3581730769230769 0.037259615384615384 0.03245192307692308
4 0.6935096153846154 0.3786057692307692 0.03245192307692308 0.056490384615384616
4 0.6706730769230769 0.3798076923076923 0.021634615384615384 0.05048076923076923
4 0.3713942307692308 0.36658653846153844 0.03125 0.036057692307692304
3 0.2668269230769231 0.5216346153846154 0.1935096153846154 0.3076923076923077
3 0.12980769230769232 0.43028846153846156 0.06850961538461539 0.12860576923076922
3 0.1814903846153846 0.48197115384615385 0.06971153846153846 0.21754807692307693
3 0.5264423076923077 0.4519230769230769 0.052884615384615384 0.12139423076923077
3 0.6502403846153846 0.4411057692307692 0.0625 0.11538461538461539
3 0.7043269230769231 0.44350961538461536 0.06370192307692307 0.11298076923076923
3 0.4795673076923077 0.41346153846153844 0.05048076923076923 0.08413461538461539