4 0.11899038461538461 0.17427884615384615 0.19471153846153846 0.21153846153846154
4 0.8701923076923077 0.25841346153846156 0.2247596153846154 0.21995192307692307
4 0.6057692307692307 0.29447115384615385 0.06610576923076923 0.0889423076923077
4 0.29086538461538464 0.30408653846153844 0.09375 0.0889423076923077
4 0.7103365384615384 0.3161057692307692 0.08653846153846154 0.10576923076923077
4 0.4723557692307692 0.32572115384615385 0.06850961538461539 0.11057692307692307
4 0.7944711538461539 0.42788461538461536 0.055288461538461536 0.0985576923076923
4 0.18870192307692307 0.5144230769230769 0.07932692307692307 0.125
3 0.45552884615384615 0.5432692307692307 0.13942307692307693 0.2956730769230769
3 0.7043269230769231 0.5540865384615384 0.14543269230769232 0.2980769230769231
3 0.2932692307692308 0.5721153846153846 0.140625 0.3425480769230769
3 0.12139423076923077 0.6947115384615384 0.21153846153846154 0.5625
3 0.8581730769230769 0.7319711538461539 0.2800480769230769 0.4699519230769231