2 0.125 0.8798076923076923 0.10576923076923077 0.11538461538461539
2 0.23798076923076922 0.6262019230769231 0.07932692307692307 0.10817307692307693
2 0.3581730769230769 0.9387019230769231 0.09375 0.1201923076923077
2 0.7367788461538461 0.38221153846153844 0.0673076923076923 0.08413461538461539
2 0.8028846153846154 0.40024038461538464 0.055288461538461536 0.07211538461538461
2 0.6526442307692307 0.6274038461538461 0.06850961538461539 0.10096153846153846
5 0.4182692307692308 0.5516826923076923 0.07932692307692307 0.09014423076923077
2 0.4951923076923077 0.6310096153846154 0.08173076923076923 0.09495192307692307
2 0.8161057692307693 0.7608173076923077 0.08413461538461539 0.12139423076923077
2 0.8377403846153846 0.6550480769230769 0.07932692307692307 0.09495192307692307
2 0.5925480769230769 0.2247596153846154 0.04807692307692308 0.06610576923076923