3 0.5661057692307693 0.23076923076923078 0.08173076923076923 0.1346153846153846
3 0.4651442307692308 0.24278846153846154 0.10336538461538461 0.12860576923076922
5 0.6394230769230769 0.3629807692307692 0.03485576923076923 0.036057692307692304
4 0.6442307692307693 0.4723557692307692 0.03485576923076923 0.046875
5 0.4567307692307692 0.49278846153846156 0.04807692307692308 0.04326923076923077
5 0.5612980769230769 0.5012019230769231 0.046875 0.05048076923076923
5 0.7247596153846154 0.5012019230769231 0.04326923076923077 0.05048076923076923
0 0.7884615384615384 0.5036057692307693 0.04807692307692308 0.05048076923076923
5 0.3581730769230769 0.5072115384615384 0.040865384615384616 0.042067307692307696
0 0.12379807692307693 0.5072115384615384 0.036057692307692304 0.055288461538461536
4 0.25961538461538464 0.5576923076923077 0.04326923076923077 0.046875
3 0.640625 0.609375 0.09975961538461539 0.171875
3 0.5528846153846154 0.6237980769230769 0.08173076923076923 0.13581730769230768
3 0.7199519230769231 0.6237980769230769 0.07692307692307693 0.15144230769230768
3 0.8064903846153846 0.6310096153846154 0.09975961538461539 0.15264423076923078
3 0.109375 0.6370192307692307 0.09735576923076923 0.15144230769230768
3 0.46033653846153844 0.6490384615384616 0.10096153846153846 0.19230769230769232
3 0.3557692307692308 0.6682692307692307 0.0889423076923077 0.19831730769230768
3 0.2644230769230769 0.6971153846153846 0.08653846153846154 0.15504807692307693
3 0.1875 0.7115384615384616 0.06610576923076923 0.140625
4 0.5612980769230769 0.11778846153846154 0.042067307692307696 0.038461538461538464
4 0.47475961538461536 0.1310096153846154 0.04326923076923077 0.037259615384615384