4 0.20552884615384615 0.3245192307692308 0.0733173076923077 0.11057692307692307
4 0.2800480769230769 0.16466346153846154 0.04567307692307692 0.051682692307692304
4 0.3161057692307692 0.18269230769230768 0.036057692307692304 0.046875
4 0.43149038461538464 0.19951923076923078 0.040865384615384616 0.05048076923076923
4 0.5060096153846154 0.1971153846153846 0.037259615384615384 0.046875
4 0.5276442307692307 0.2668269230769231 0.06850961538461539 0.07451923076923077
4 0.7572115384615384 0.20432692307692307 0.038461538461538464 0.040865384615384616
4 0.8665865384615384 0.17548076923076922 0.030048076923076924 0.03245192307692308
4 0.9495192307692307 0.2127403846153846 0.037259615384615384 0.03485576923076923
3 0.15985576923076922 0.4891826923076923 0.1658653846153846 0.32211538461538464
3 0.5444711538461539 0.41225961538461536 0.1201923076923077 0.1971153846153846
3 0.27163461538461536 0.27283653846153844 0.057692307692307696 0.13581730769230768
3 0.32211538461538464 0.2704326923076923 0.05889423076923077 0.12860576923076922
3 0.4206730769230769 0.296875 0.08173076923076923 0.13701923076923078
3 0.5 0.26802884615384615 0.052884615384615384 0.09495192307692307
3 0.7415865384615384 0.2848557692307692 0.06129807692307692 0.11778846153846154
3 0.8497596153846154 0.24158653846153846 0.057692307692307696 0.10096153846153846
3 0.9495192307692307 0.27283653846153844 0.06129807692307692 0.08653846153846154