4 0.18028846153846154 0.4050480769230769 0.109375 0.1045673076923077
4 0.3125 0.5036057692307693 0.078125 0.0733173076923077
4 0.3701923076923077 0.5516826923076923 0.052884615384615384 0.0625
4 0.44471153846153844 0.5901442307692307 0.03485576923076923 0.036057692307692304
4 0.6610576923076923 0.5949519230769231 0.040865384615384616 0.05048076923076923
3 0.12620192307692307 0.6502403846153846 0.21754807692307693 0.3545673076923077
3 0.27884615384615385 0.7091346153846154 0.12980769230769232 0.2920673076923077
3 0.3629807692307692 0.6850961538461539 0.06610576923076923 0.19471153846153846
3 0.43028846153846156 0.6887019230769231 0.05889423076923077 0.12860576923076922
3 0.6610576923076923 0.6971153846153846 0.07451923076923077 0.13701923076923078
3 0.7043269230769231 0.6334134615384616 0.056490384615384616 0.1045673076923077