4 0.16346153846153846 0.23677884615384615 0.06850961538461539 0.0829326923076923
4 0.24759615384615385 0.25240384615384615 0.07692307692307693 0.08653846153846154
4 0.3545673076923077 0.25 0.08173076923076923 0.08413461538461539
4 0.4387019230769231 0.2536057692307692 0.06971153846153846 0.08774038461538461
4 0.5685096153846154 0.18990384615384615 0.0889423076923077 0.0985576923076923
4 0.5276442307692307 0.24879807692307693 0.036057692307692304 0.04326923076923077
4 0.6622596153846154 0.14182692307692307 0.09375 0.11538461538461539
4 0.7139423076923077 0.23197115384615385 0.052884615384615384 0.08653846153846154
4 0.78125 0.2283653846153846 0.052884615384615384 0.06129807692307692
4 0.8341346153846154 0.27884615384615385 0.06850961538461539 0.08653846153846154
3 0.1622596153846154 0.40024038461538464 0.10336538461538461 0.2091346153846154
3 0.2620192307692308 0.41346153846153844 0.09975961538461539 0.2247596153846154
3 0.3581730769230769 0.43028846153846156 0.09254807692307693 0.20432692307692307
3 0.44350961538461536 0.42908653846153844 0.109375 0.23557692307692307
3 0.5228365384615384 0.4206730769230769 0.0733173076923077 0.20432692307692307
3 0.5745192307692307 0.4230769230769231 0.09375 0.2692307692307692
3 0.6742788461538461 0.4230769230769231 0.16105769230769232 0.30649038461538464
3 0.7788461538461539 0.36778846153846156 0.0673076923076923 0.14543269230769232
3 0.8485576923076923 0.4651442307692308 0.125 0.22235576923076922