4 0.15264423076923078 0.5817307692307693 0.056490384615384616 0.17668269230769232
4 0.5240384615384616 0.23677884615384615 0.040865384615384616 0.06971153846153846
4 0.8173076923076923 0.20432692307692307 0.0625 0.078125
4 0.12860576923076922 0.4831730769230769 0.03125 0.055288461538461536
5 0.2776442307692308 0.28125 0.04326923076923077 0.05889423076923077
3 0.28966346153846156 0.5060096153846154 0.15504807692307693 0.1466346153846154
3 0.8161057692307693 0.33413461538461536 0.09975961538461539 0.19951923076923078
3 0.5300480769230769 0.4050480769230769 0.11538461538461539 0.1466346153846154
3 0.5420673076923077 0.32572115384615385 0.07451923076923077 0.11778846153846154
3 0.7079326923076923 0.36899038461538464 0.08413461538461539 0.18389423076923078
3 0.12259615384615384 0.5480769230769231 0.055288461538461536 0.09735576923076923