4 0.03245192307692308 0.2644230769230769 0.052884615384615384 0.0733173076923077
4 0.11538461538461539 0.32211538461538464 0.052884615384615384 0.08653846153846154
4 0.203125 0.23677884615384615 0.056490384615384616 0.09495192307692307
4 0.27884615384615385 0.30528846153846156 0.055288461538461536 0.09014423076923077
4 0.3473557692307692 0.21754807692307693 0.057692307692307696 0.0829326923076923
4 0.4411057692307692 0.23557692307692307 0.056490384615384616 0.078125
4 0.5144230769230769 0.23918269230769232 0.046875 0.08413461538461539
4 0.5997596153846154 0.27403846153846156 0.057692307692307696 0.078125
4 0.6995192307692307 0.22355769230769232 0.055288461538461536 0.078125
4 0.7752403846153846 0.14903846153846154 0.0625 0.09495192307692307
4 0.8293269230769231 0.18389423076923078 0.046875 0.08774038461538461
4 0.8677884615384616 0.21394230769230768 0.05889423076923077 0.08413461538461539
4 0.9411057692307693 0.19110576923076922 0.08413461538461539 0.11298076923076923
3 0.12620192307692307 0.5228365384615384 0.08774038461538461 0.2644230769230769
3 0.20432692307692307 0.46153846153846156 0.10096153846153846 0.3004807692307692
3 0.27524038461538464 0.5036057692307693 0.07932692307692307 0.25721153846153844
3 0.35096153846153844 0.4483173076923077 0.10576923076923077 0.27163461538461536
3 0.44591346153846156 0.4567307692307692 0.09495192307692307 0.3125
3 0.5216346153846154 0.4495192307692308 0.08653846153846154 0.2848557692307692
3 0.6069711538461539 0.47115384615384615 0.09254807692307693 0.27403846153846156
3 0.7019230769230769 0.45913461538461536 0.09375 0.30288461538461536
3 0.7872596153846154 0.4074519230769231 0.10096153846153846 0.31971153846153844
3 0.8641826923076923 0.4879807692307692 0.07211538461538461 0.34375
3 0.9423076923076923 0.4855769230769231 0.11298076923076923 0.3762019230769231