0 0.2283653846153846 0.6201923076923077 0.02403846153846154 0.037259615384615384
0 0.3245192307692308 0.4831730769230769 0.025240384615384616 0.025240384615384616
0 0.36899038461538464 0.5084134615384616 0.021634615384615384 0.030048076923076924
0 0.45913461538461536 0.5372596153846154 0.02403846153846154 0.037259615384615384
0 0.47115384615384615 0.6730769230769231 0.03245192307692308 0.036057692307692304
0 0.7439903846153846 0.37740384615384615 0.020432692307692308 0.030048076923076924
0 0.7752403846153846 0.5600961538461539 0.02403846153846154 0.030048076923076924
0 0.8004807692307693 0.27163461538461536 0.02403846153846154 0.02403846153846154
0 0.8461538461538461 0.3293269230769231 0.020432692307692308 0.025240384615384616
0 0.6766826923076923 0.1971153846153846 0.019230769230769232 0.02403846153846154
0 0.6766826923076923 0.13942307692307693 0.021634615384615384 0.020432692307692308
0 0.49158653846153844 0.09735576923076923 0.016826923076923076 0.021634615384615384
0 0.6033653846153846 0.09254807692307693 0.016826923076923076 0.025240384615384616
4 0.6237980769230769 0.34975961538461536 0.03125 0.036057692307692304