0 0.39903846153846156 0.42788461538461536 0.055288461538461536 0.0625
0 0.24278846153846154 0.4362980769230769 0.0733173076923077 0.07451923076923077
0 0.20552884615384615 0.41225961538461536 0.051682692307692304 0.05048076923076923
0 0.3293269230769231 0.43509615384615385 0.03485576923076923 0.036057692307692304
0 0.44711538461538464 0.4495192307692308 0.040865384615384616 0.038461538461538464
0 0.5637019230769231 0.4651442307692308 0.046875 0.04326923076923077
0 0.6646634615384616 0.453125 0.036057692307692304 0.037259615384615384
0 0.7151442307692307 0.4831730769230769 0.04807692307692308 0.055288461538461536
3 0.23197115384615385 0.6225961538461539 0.13221153846153846 0.2704326923076923
3 0.4050480769230769 0.6045673076923077 0.11899038461538461 0.23076923076923078
3 0.5709134615384616 0.5697115384615384 0.07932692307692307 0.14182692307692307
3 0.7139423076923077 0.5949519230769231 0.09735576923076923 0.16346153846153846
3 0.6634615384615384 0.5060096153846154 0.038461538461538464 0.08413461538461539
3 0.4567307692307692 0.5504807692307693 0.06610576923076923 0.14182692307692307
3 0.18870192307692307 0.4963942307692308 0.037259615384615384 0.0733173076923077
3 0.3269230769230769 0.5384615384615384 0.06971153846153846 0.1201923076923077