4 0.1502403846153846 0.12860576923076922 0.09495192307692307 0.10576923076923077
4 0.39783653846153844 0.16466346153846154 0.04807692307692308 0.06370192307692307
4 0.46153846153846156 0.18028846153846154 0.057692307692307696 0.0829326923076923
4 0.8677884615384616 0.19471153846153846 0.057692307692307696 0.0625
4 0.9206730769230769 0.08774038461538461 0.08653846153846154 0.10576923076923077
2 0.2692307692307692 0.19230769230769232 0.0889423076923077 0.07451923076923077
3 0.13822115384615385 0.3317307692307692 0.16706730769230768 0.3137019230769231
3 0.25600961538461536 0.33413461538461536 0.09254807692307693 0.17548076923076922
3 0.38822115384615385 0.30528846153846156 0.08653846153846154 0.1778846153846154
3 0.4675480769230769 0.296875 0.11298076923076923 0.1971153846153846
3 0.6622596153846154 0.2848557692307692 0.1310096153846154 0.20432692307692307
3 0.9098557692307693 0.34134615384615385 0.11057692307692307 0.3449519230769231