5 0.23317307692307693 0.6262019230769231 0.027644230769230768 0.030048076923076924
5 0.29927884615384615 0.6057692307692307 0.03245192307692308 0.03485576923076923
5 0.3245192307692308 0.6322115384615384 0.025240384615384616 0.030048076923076924
5 0.38221153846153844 0.5865384615384616 0.030048076923076924 0.037259615384615384
5 0.4519230769230769 0.6033653846153846 0.03485576923076923 0.040865384615384616
5 0.5192307692307693 0.6310096153846154 0.02403846153846154 0.027644230769230768
5 0.5841346153846154 0.6262019230769231 0.026442307692307692 0.03125
5 0.6286057692307693 0.6213942307692307 0.026442307692307692 0.030048076923076924
5 0.6899038461538461 0.6213942307692307 0.030048076923076924 0.03245192307692308
5 0.765625 0.5949519230769231 0.03485576923076923 0.04326923076923077
5 0.8978365384615384 0.6081730769230769 0.038461538461538464 0.03485576923076923