3 0.2956730769230769 0.47475961538461536 0.06850961538461539 0.10096153846153846
3 0.4567307692307692 0.4651442307692308 0.06610576923076923 0.11057692307692307
3 0.22596153846153846 0.4026442307692308 0.046875 0.046875
3 0.5348557692307693 0.4387019230769231 0.038461538461538464 0.06610576923076923
3 0.5817307692307693 0.43028846153846156 0.037259615384615384 0.06129807692307692
3 0.7608173076923077 0.45913461538461536 0.046875 0.08173076923076923
4 0.2283653846153846 0.3629807692307692 0.030048076923076924 0.03125
4 0.2668269230769231 0.4074519230769231 0.036057692307692304 0.027644230769230768
4 0.45072115384615385 0.3786057692307692 0.030048076923076924 0.025240384615384616
4 0.43990384615384615 0.3870192307692308 0.026442307692307692 0.038461538461538464
4 0.5252403846153846 0.390625 0.02403846153846154 0.021634615384615384
4 0.5841346153846154 0.3870192307692308 0.020432692307692308 0.025240384615384616
4 0.7524038461538461 0.39903846153846156 0.038461538461538464 0.03485576923076923