4 0.14423076923076922 0.5637019230769231 0.07692307692307693 0.05889423076923077
4 0.27524038461538464 0.5697115384615384 0.08173076923076923 0.08413461538461539
4 0.4519230769230769 0.5528846153846154 0.08653846153846154 0.0673076923076923
4 0.6574519230769231 0.5697115384615384 0.08173076923076923 0.06129807692307692
4 0.7151442307692307 0.5793269230769231 0.055288461538461536 0.0673076923076923
4 0.7560096153846154 0.5997596153846154 0.04326923076923077 0.037259615384615384
4 0.8401442307692307 0.5841346153846154 0.05889423076923077 0.056490384615384616
4 0.3269230769230769 0.5721153846153846 0.038461538461538464 0.042067307692307696
4 0.05889423076923077 0.5444711538461539 0.051682692307692304 0.04567307692307692
4 0.9074519230769231 0.5661057692307693 0.037259615384615384 0.052884615384615384
4 0.5456730769230769 0.5949519230769231 0.040865384615384616 0.04807692307692308
4 0.6021634615384616 0.6081730769230769 0.042067307692307696 0.04326923076923077
4 0.7644230769230769 0.5552884615384616 0.036057692307692304 0.027644230769230768
5 0.8341346153846154 0.5144230769230769 0.025240384615384616 0.026442307692307692
3 0.1201923076923077 0.7403846153846154 0.13701923076923078 0.2247596153846154
3 0.2536057692307692 0.7512019230769231 0.10576923076923077 0.2283653846153846
3 0.3161057692307692 0.7415865384615384 0.04326923076923077 0.17307692307692307
3 0.3293269230769231 0.6622596153846154 0.042067307692307696 0.12379807692307693
3 0.05889423076923077 0.6430288461538461 0.06610576923076923 0.10817307692307693
3 0.4411057692307692 0.7427884615384616 0.12379807692307693 0.2512019230769231
3 0.5420673076923077 0.6754807692307693 0.06610576923076923 0.11538461538461539
3 0.6514423076923077 0.7764423076923077 0.12860576923076922 0.2536057692307692
3 0.8293269230769231 0.7379807692307693 0.1310096153846154 0.21153846153846154
3 0.7524038461538461 0.6838942307692307 0.06971153846153846 0.12139423076923077
3 0.9074519230769231 0.6418269230769231 0.056490384615384616 0.11538461538461539
3 0.5408653846153846 0.6814903846153846 0.06129807692307692 0.12980769230769232
3 0.5865384615384616 0.7175480769230769 0.046875 0.1502403846153846