5 0.16947115384615385 0.35336538461538464 0.055288461538461536 0.04807692307692308
5 0.3713942307692308 0.3737980769230769 0.055288461538461536 0.051682692307692304
5 0.1346153846153846 0.4423076923076923 0.02403846153846154 0.046875
5 0.44711538461538464 0.31971153846153844 0.057692307692307696 0.056490384615384616
5 0.5649038461538461 0.30288461538461536 0.051682692307692304 0.04807692307692308
4 0.7079326923076923 0.2608173076923077 0.056490384615384616 0.056490384615384616
3 0.17067307692307693 0.47475961538461536 0.078125 0.1466346153846154
3 0.36538461538461536 0.49399038461538464 0.0733173076923077 0.15745192307692307
3 0.44471153846153844 0.44711538461538464 0.09735576923076923 0.16826923076923078
3 0.5612980769230769 0.43149038461538464 0.0985576923076923 0.16826923076923078
3 0.7175480769230769 0.4098557692307692 0.11778846153846154 0.1935096153846154