4 0.11899038461538461 0.3762019230769231 0.11778846153846154 0.125
4 0.2247596153846154 0.33653846153846156 0.08653846153846154 0.10336538461538461
0 0.36658653846153844 0.36899038461538464 0.09254807692307693 0.0985576923076923
4 0.53125 0.38100961538461536 0.10336538461538461 0.12139423076923077
4 0.6310096153846154 0.34975961538461536 0.10336538461538461 0.09975961538461539
0 0.7295673076923077 0.41586538461538464 0.10336538461538461 0.12379807692307693
4 0.7992788461538461 0.33413461538461536 0.12620192307692307 0.12620192307692307
3 0.3581730769230769 0.6370192307692307 0.17548076923076922 0.35096153846153844
3 0.5192307692307693 0.6286057692307693 0.1346153846153846 0.32211538461538464
3 0.6430288461538461 0.6286057692307693 0.1201923076923077 0.3473557692307692
3 0.7403846153846154 0.6490384615384616 0.10576923076923077 0.34375
3 0.8293269230769231 0.6658653846153846 0.1622596153846154 0.4230769230769231