4 0.1814903846153846 0.3629807692307692 0.07211538461538461 0.0829326923076923
4 0.2608173076923077 0.41466346153846156 0.04326923076923077 0.0673076923076923
4 0.3245192307692308 0.43149038461538464 0.055288461538461536 0.08653846153846154
4 0.44591346153846156 0.3401442307692308 0.057692307692307696 0.08653846153846154
4 0.5456730769230769 0.4050480769230769 0.06370192307692307 0.08173076923076923
4 0.7007211538461539 0.3762019230769231 0.06370192307692307 0.0733173076923077
4 0.84375 0.4483173076923077 0.0625 0.07211538461538461
4 0.4026442307692308 0.4026442307692308 0.04326923076923077 0.042067307692307696
3 0.1971153846153846 0.5733173076923077 0.12620192307692307 0.2692307692307692
3 0.31971153846153844 0.6237980769230769 0.09495192307692307 0.23317307692307693
3 0.4375 0.5661057692307693 0.11298076923076923 0.28725961538461536
3 0.546875 0.6057692307692307 0.10336538461538461 0.2704326923076923
3 0.7019230769230769 0.5961538461538461 0.12379807692307693 0.2980769230769231
3 0.8401442307692307 0.6742788461538461 0.11538461538461539 0.3016826923076923
3 0.2800480769230769 0.5192307692307693 0.04807692307692308 0.0985576923076923