5 0.13341346153846154 0.24639423076923078 0.1201923076923077 0.10336538461538461
1 0.8665865384615384 0.25600961538461536 0.12620192307692307 0.19230769230769232
3 0.49399038461538464 0.4579326923076923 0.125 0.28125
3 0.6225961538461539 0.5288461538461539 0.18269230769230768 0.4170673076923077
3 0.33052884615384615 0.5504807692307693 0.20192307692307693 0.41586538461538464
3 0.11899038461538461 0.6177884615384616 0.22355769230769232 0.46153846153846156
5 0.6430288461538461 0.18870192307692307 0.10817307692307693 0.11778846153846154
5 0.32572115384615385 0.21995192307692307 0.12379807692307693 0.11899038461538461
5 0.7043269230769231 0.23076923076923078 0.06129807692307692 0.0673076923076923
5 0.7728365384615384 0.23918269230769232 0.0733173076923077 0.078125
5 0.4891826923076923 0.2403846153846154 0.07211538461538461 0.0889423076923077