2 0.09975961538461539 0.3161057692307692 0.0625 0.06129807692307692
2 0.2091346153846154 0.2920673076923077 0.06129807692307692 0.06610576923076923
2 0.2956730769230769 0.3269230769230769 0.057692307692307696 0.05889423076923077
2 0.3713942307692308 0.31490384615384615 0.055288461538461536 0.04567307692307692
2 0.4543269230769231 0.3269230769230769 0.04807692307692308 0.04807692307692308
2 0.5240384615384616 0.29086538461538464 0.06129807692307692 0.056490384615384616
2 0.5949519230769231 0.32572115384615385 0.056490384615384616 0.051682692307692304
2 0.6165865384615384 0.3581730769230769 0.051682692307692304 0.04807692307692308
2 0.6598557692307693 0.2980769230769231 0.055288461538461536 0.06610576923076923
2 0.6983173076923077 0.3485576923076923 0.05889423076923077 0.06610576923076923
2 0.7524038461538461 0.2848557692307692 0.06971153846153846 0.0625
2 0.8269230769230769 0.31490384615384615 0.06129807692307692 0.0673076923076923
2 0.9146634615384616 0.28125 0.06129807692307692 0.07211538461538461