4 0.21875 0.49399038461538464 0.052884615384615384 0.04807692307692308
4 0.36177884615384615 0.5036057692307693 0.04567307692307692 0.05048076923076923
4 0.3737980769230769 0.4699519230769231 0.03485576923076923 0.04326923076923077
4 0.4519230769230769 0.47475961538461536 0.042067307692307696 0.04567307692307692
4 0.5012019230769231 0.4567307692307692 0.042067307692307696 0.040865384615384616
4 0.5817307692307693 0.4735576923076923 0.036057692307692304 0.040865384615384616
4 0.7055288461538461 0.41586538461538464 0.0673076923076923 0.07692307692307693
3 0.21153846153846154 0.6177884615384616 0.0889423076923077 0.1658653846153846
3 0.36538461538461536 0.6129807692307693 0.0829326923076923 0.15625
3 0.4579326923076923 0.5949519230769231 0.078125 0.171875
3 0.5012019230769231 0.5637019230769231 0.052884615384615384 0.14182692307692307
3 0.5769230769230769 0.5480769230769231 0.046875 0.10096153846153846
3 0.6213942307692307 0.5877403846153846 0.07211538461538461 0.15985576923076922
3 0.7151442307692307 0.5637019230769231 0.10817307692307693 0.21875
3 0.3954326923076923 0.5673076923076923 0.03485576923076923 0.125