0 0.30288461538461536 0.5516826923076923 0.027644230769230768 0.025240384615384616
3 0.30528846153846156 0.6189903846153846 0.046875 0.08774038461538461
0 0.5877403846153846 0.6838942307692307 0.046875 0.046875
0 0.14783653846153846 0.6862980769230769 0.03245192307692308 0.03245192307692308
0 0.06971153846153846 0.6911057692307693 0.040865384615384616 0.030048076923076924
0 0.046875 0.6923076923076923 0.027644230769230768 0.03125
0 0.4026442307692308 0.6935096153846154 0.040865384615384616 0.040865384615384616
0 0.2800480769230769 0.6971153846153846 0.026442307692307692 0.020432692307692308
0 0.21995192307692307 0.7103365384615384 0.025240384615384616 0.02403846153846154
0 0.12139423076923077 0.7151442307692307 0.021634615384615384 0.020432692307692308
3 0.40625 0.7475961538461539 0.07211538461538461 0.0829326923076923
3 0.15504807692307693 0.7560096153846154 0.057692307692307696 0.09254807692307693
3 0.11899038461538461 0.7692307692307693 0.04326923076923077 0.0733173076923077
3 0.11658653846153846 0.7716346153846154 0.042067307692307696 0.0733173076923077
3 0.5925480769230769 0.7728365384615384 0.0889423076923077 0.1141826923076923
3 0.29086538461538464 0.7740384615384616 0.04567307692307692 0.09735576923076923
3 0.23076923076923078 0.7776442307692307 0.06971153846153846 0.0889423076923077
3 0.06129807692307692 0.7800480769230769 0.078125 0.1201923076923077