1 0.6706730769230769 0.35096153846153844 0.040865384615384616 0.0673076923076923
1 0.2403846153846154 0.36778846153846156 0.052884615384615384 0.10096153846153846
1 0.5745192307692307 0.3701923076923077 0.056490384615384616 0.09735576923076923
1 0.8701923076923077 0.3737980769230769 0.056490384615384616 0.09014423076923077
1 0.9399038461538461 0.3737980769230769 0.036057692307692304 0.07451923076923077
1 0.7043269230769231 0.38100961538461536 0.05048076923076923 0.08413461538461539
1 0.3425480769230769 0.3942307692307692 0.036057692307692304 0.06971153846153846
1 0.4495192307692308 0.40625 0.057692307692307696 0.09014423076923077
1 0.171875 0.4074519230769231 0.046875 0.08413461538461539
1 0.28846153846153844 0.4074519230769231 0.04807692307692308 0.07211538461538461
1 0.09375 0.44350961538461536 0.06850961538461539 0.10336538461538461