3 0.13221153846153846 0.5817307692307693 0.18629807692307693 0.4182692307692308
3 0.26322115384615385 0.6225961538461539 0.17067307692307693 0.4014423076923077
3 0.4254807692307692 0.6165865384615384 0.17668269230769232 0.4579326923076923
3 0.5480769230769231 0.5793269230769231 0.12980769230769232 0.36899038461538464
3 0.6862980769230769 0.6033653846153846 0.17307692307692307 0.4423076923076923
3 0.8846153846153846 0.4338942307692308 0.2283653846153846 0.3737980769230769
1 0.15264423076923078 0.31850961538461536 0.10817307692307693 0.12379807692307693
1 0.2860576923076923 0.3605769230769231 0.09375 0.1310096153846154
1 0.4375 0.3161057692307692 0.09975961538461539 0.13221153846153846
1 0.5612980769230769 0.34975961538461536 0.06971153846153846 0.1045673076923077
1 0.6790865384615384 0.31971153846153844 0.0829326923076923 0.12139423076923077
1 0.8762019230769231 0.1814903846153846 0.09495192307692307 0.12139423076923077