2 0.15504807692307693 0.3317307692307692 0.0673076923076923 0.06850961538461539
2 0.24639423076923078 0.39903846153846156 0.056490384615384616 0.06610576923076923
2 0.3425480769230769 0.4098557692307692 0.057692307692307696 0.052884615384615384
2 0.6826923076923077 0.41346153846153844 0.056490384615384616 0.06850961538461539
2 0.7572115384615384 0.3894230769230769 0.05889423076923077 0.056490384615384616
2 0.8545673076923077 0.3605769230769231 0.05889423076923077 0.05889423076923077
4 0.4362980769230769 0.40625 0.057692307692307696 0.0625
4 0.5228365384615384 0.42788461538461536 0.055288461538461536 0.06370192307692307
4 0.5889423076923077 0.3894230769230769 0.05048076923076923 0.057692307692307696
3 0.14302884615384615 0.5012019230769231 0.11778846153846154 0.2091346153846154
3 0.24158653846153846 0.5649038461538461 0.11057692307692307 0.22596153846153846
3 0.33653846153846156 0.5769230769230769 0.10096153846153846 0.22235576923076922
3 0.4387019230769231 0.5901442307692307 0.11538461538461539 0.25721153846153844
3 0.5180288461538461 0.5985576923076923 0.0733173076923077 0.22235576923076922
3 0.5973557692307693 0.5733173076923077 0.09254807692307693 0.25600961538461536
3 0.6862980769230769 0.5685096153846154 0.09735576923076923 0.21153846153846154
3 0.7668269230769231 0.5492788461538461 0.09975961538461539 0.20793269230769232
3 0.8665865384615384 0.5240384615384616 0.09495192307692307 0.21995192307692307