3 0.24759615384615385 0.33653846153846156 0.11778846153846154 0.24879807692307693
3 0.4831730769230769 0.7259615384615384 0.09975961538461539 0.1875
3 0.59375 0.6754807692307693 0.1310096153846154 0.07932692307692307
3 0.7776442307692307 0.30528846153846156 0.10336538461538461 0.18629807692307693
3 0.9435096153846154 0.26802884615384615 0.07211538461538461 0.15144230769230768
3 0.3942307692307692 0.22355769230769232 0.020432692307692308 0.056490384615384616
4 0.2824519230769231 0.17668269230769232 0.07692307692307693 0.08173076923076923
4 0.39302884615384615 0.18389423076923078 0.020432692307692308 0.025240384615384616
5 0.4266826923076923 0.6213942307692307 0.05889423076923077 0.07692307692307693
5 0.7668269230769231 0.17548076923076922 0.08173076923076923 0.07211538461538461
5 0.9387019230769231 0.16466346153846154 0.056490384615384616 0.057692307692307696