4 0.27163461538461536 0.5432692307692307 0.038461538461538464 0.037259615384615384
4 0.33052884615384615 0.5408653846153846 0.042067307692307696 0.036057692307692304
4 0.4098557692307692 0.546875 0.038461538461538464 0.037259615384615384
4 0.4543269230769231 0.5697115384615384 0.03125 0.026442307692307692
4 0.4879807692307692 0.5685096153846154 0.040865384615384616 0.037259615384615384
4 0.49399038461538464 0.5480769230769231 0.030048076923076924 0.03485576923076923
4 0.5709134615384616 0.5444711538461539 0.03245192307692308 0.038461538461538464
0 0.6490384615384616 0.5444711538461539 0.037259615384615384 0.036057692307692304
3 0.2668269230769231 0.6286057692307693 0.052884615384615384 0.11298076923076923
3 0.32211538461538464 0.6322115384615384 0.06129807692307692 0.11899038461538461
3 0.39783653846153844 0.640625 0.0673076923076923 0.125
3 0.4423076923076923 0.6514423076923077 0.027644230769230768 0.11899038461538461
3 0.47716346153846156 0.6742788461538461 0.0733173076923077 0.14182692307692307
3 0.5625 0.6165865384615384 0.05889423076923077 0.1141826923076923
3 0.6610576923076923 0.6310096153846154 0.08413461538461539 0.12860576923076922