1 0.4651442307692308 0.22596153846153846 0.07451923076923077 0.1201923076923077
1 0.078125 0.2283653846153846 0.06610576923076923 0.1201923076923077
1 0.2644230769230769 0.23317307692307693 0.056490384615384616 0.11899038461538461
1 0.8173076923076923 0.234375 0.052884615384615384 0.09375
1 0.6141826923076923 0.24278846153846154 0.07451923076923077 0.140625
1 0.390625 0.24639423076923078 0.07451923076923077 0.13701923076923078
1 0.9831730769230769 0.2644230769230769 0.030048076923076924 0.09014423076923077
1 0.6730769230769231 0.265625 0.042067307692307696 0.08173076923076923
1 0.8822115384615384 0.26802884615384615 0.06971153846153846 0.14182692307692307
1 0.21153846153846154 0.27283653846153844 0.0673076923076923 0.12980769230769232
1 0.7295673076923077 0.31971153846153844 0.06850961538461539 0.11899038461538461