1 0.08653846153846154 0.18870192307692307 0.052884615384615384 0.1622596153846154
1 0.14182692307692307 0.19831730769230768 0.057692307692307696 0.16826923076923078
1 0.2283653846153846 0.20192307692307693 0.06129807692307692 0.11778846153846154
1 0.30528846153846156 0.21153846153846154 0.052884615384615384 0.11057692307692307
1 0.5949519230769231 0.22115384615384615 0.052884615384615384 0.09254807692307693
1 0.5360576923076923 0.22235576923076922 0.027644230769230768 0.06850961538461539
1 0.4495192307692308 0.22596153846153846 0.03125 0.08774038461538461
1 0.3786057692307692 0.234375 0.026442307692307692 0.07211538461538461
1 0.484375 0.2403846153846154 0.04326923076923077 0.09735576923076923
1 0.6754807692307693 0.2403846153846154 0.025240384615384616 0.07211538461538461
1 0.34975961538461536 0.24879807692307693 0.030048076923076924 0.07451923076923077
1 0.6983173076923077 0.25600961538461536 0.027644230769230768 0.06129807692307692