2 0.2932692307692308 0.38822115384615385 0.12860576923076922 0.13942307692307693
2 0.5240384615384616 0.4723557692307692 0.06129807692307692 0.06610576923076923
2 0.8713942307692307 0.46875 0.057692307692307696 0.06610576923076923
2 0.4014423076923077 0.49278846153846156 0.03125 0.038461538461538464
2 0.4567307692307692 0.5132211538461539 0.027644230769230768 0.030048076923076924
2 0.7776442307692307 0.4831730769230769 0.038461538461538464 0.04567307692307692
2 0.5901442307692307 0.59375 0.04567307692307692 0.05889423076923077
0 0.04326923076923077 0.47596153846153844 0.046875 0.037259615384615384
5 0.36538461538461536 0.4495192307692308 0.042067307692307696 0.07692307692307693
1 0.16105769230769232 0.47596153846153844 0.0625 0.09375
1 0.9242788461538461 0.5060096153846154 0.0733173076923077 0.12379807692307693