4 0.21754807692307693 0.5528846153846154 0.06971153846153846 0.05889423076923077
4 0.3269230769230769 0.5865384615384616 0.051682692307692304 0.06370192307692307
4 0.4230769230769231 0.6117788461538461 0.06129807692307692 0.0733173076923077
4 0.5132211538461539 0.5709134615384616 0.051682692307692304 0.0673076923076923
4 0.4567307692307692 0.6081730769230769 0.036057692307692304 0.06370192307692307
4 0.6778846153846154 0.6021634615384616 0.05048076923076923 0.07932692307692307
3 0.20432692307692307 0.6850961538461539 0.109375 0.17668269230769232
3 0.31971153846153844 0.6826923076923077 0.08413461538461539 0.1466346153846154
3 0.3954326923076923 0.7283653846153846 0.08774038461538461 0.17668269230769232
3 0.4579326923076923 0.7247596153846154 0.05889423076923077 0.15625
3 0.5036057692307693 0.6598557692307693 0.0673076923076923 0.1466346153846154
3 0.6526442307692307 0.6887019230769231 0.1045673076923077 0.16706730769230768
4 0.4230769230769231 0.2247596153846154 0.020432692307692308 0.021634615384615384
4 0.47716346153846156 0.22596153846153846 0.02403846153846154 0.019230769230769232
3 0.41346153846153844 0.2668269230769231 0.03125 0.051682692307692304
3 0.4362980769230769 0.2668269230769231 0.026442307692307692 0.052884615384615384
3 0.47836538461538464 0.2692307692307692 0.036057692307692304 0.057692307692307696