4 0.4338942307692308 0.5096153846153846 0.021634615384615384 0.036057692307692304
4 0.5997596153846154 0.5192307692307693 0.020432692307692308 0.02403846153846154
4 0.6346153846153846 0.5084134615384616 0.015625 0.026442307692307692
4 0.5240384615384616 0.4963942307692308 0.015625 0.030048076923076924
0 0.47115384615384615 0.5096153846153846 0.020432692307692308 0.025240384615384616
3 0.38341346153846156 0.578125 0.026442307692307692 0.09735576923076923
3 0.42788461538461536 0.5769230769230769 0.03125 0.11057692307692307
3 0.4675480769230769 0.5769230769230769 0.04326923076923077 0.10336538461538461
3 0.5216346153846154 0.5637019230769231 0.04326923076923077 0.09975961538461539
3 0.5721153846153846 0.5697115384615384 0.038461538461538464 0.09014423076923077
3 0.6033653846153846 0.5853365384615384 0.03485576923076923 0.10096153846153846
3 0.6418269230769231 0.5649038461538461 0.038461538461538464 0.0889423076923077