5 0.17307692307692307 0.3918269230769231 0.055288461538461536 0.06370192307692307
5 0.2403846153846154 0.4723557692307692 0.06610576923076923 0.0625
5 0.2824519230769231 0.3870192307692308 0.046875 0.051682692307692304
5 0.3473557692307692 0.44471153846153844 0.056490384615384616 0.052884615384615384
5 0.4639423076923077 0.30288461538461536 0.027644230769230768 0.03485576923076923
5 0.6274038461538461 0.3245192307692308 0.038461538461538464 0.04567307692307692
5 0.6658653846153846 0.17668269230769232 0.026442307692307692 0.037259615384615384
5 0.7872596153846154 0.28125 0.04326923076923077 0.046875
5 0.7091346153846154 0.2824519230769231 0.03485576923076923 0.046875
0 0.3858173076923077 0.35216346153846156 0.04326923076923077 0.04807692307692308
0 0.5444711538461539 0.32211538461538464 0.038461538461538464 0.03125
0 0.5649038461538461 0.38100961538461536 0.04807692307692308 0.05889423076923077
4 0.8509615384615384 0.3605769230769231 0.05889423076923077 0.051682692307692304
4 0.7487980769230769 0.3401442307692308 0.04567307692307692 0.055288461538461536
4 0.3125 0.3125 0.04326923076923077 0.04326923076923077
4 0.44711538461538464 0.3918269230769231 0.04807692307692308 0.057692307692307696
3 0.24879807692307693 0.6598557692307693 0.14182692307692307 0.2824519230769231
3 0.3605769230769231 0.6189903846153846 0.11899038461538461 0.2692307692307692
3 0.3918269230769231 0.4567307692307692 0.078125 0.14423076923076922
3 0.4579326923076923 0.5192307692307693 0.08774038461538461 0.19230769230769232
3 0.5661057692307693 0.5144230769230769 0.09375 0.18870192307692307
3 0.6586538461538461 0.515625 0.11057692307692307 0.23076923076923078
3 0.7427884615384616 0.4699519230769231 0.09014423076923077 0.19951923076923078
3 0.8449519230769231 0.4951923076923077 0.10576923076923077 0.2127403846153846
3 0.7944711538461539 0.3701923076923077 0.06971153846153846 0.11298076923076923
3 0.703125 0.3557692307692308 0.08173076923076923 0.10576923076923077
3 0.546875 0.3918269230769231 0.06850961538461539 0.0889423076923077