3 0.15985576923076922 0.5733173076923077 0.09975961538461539 0.2848557692307692
3 0.3557692307692308 0.4723557692307692 0.078125 0.15745192307692307
3 0.42908653846153844 0.46274038461538464 0.06370192307692307 0.1778846153846154
3 0.4675480769230769 0.4387019230769231 0.05889423076923077 0.171875
3 0.5144230769230769 0.42908653846153844 0.06129807692307692 0.14182692307692307
3 0.7668269230769231 0.4254807692307692 0.0985576923076923 0.21153846153846154
3 0.9050480769230769 0.3870192307692308 0.08413461538461539 0.16105769230769232
2 0.15985576923076922 0.3762019230769231 0.07692307692307693 0.06971153846153846
2 0.34975961538461536 0.3581730769230769 0.04807692307692308 0.06129807692307692
2 0.43028846153846156 0.33653846153846156 0.036057692307692304 0.055288461538461536
2 0.4567307692307692 0.3137019230769231 0.03125 0.052884615384615384
2 0.5216346153846154 0.31850961538461536 0.026442307692307692 0.04567307692307692
2 0.4014423076923077 0.3317307692307692 0.03125 0.036057692307692304
2 0.7487980769230769 0.2548076923076923 0.06610576923076923 0.08173076923076923
2 0.8870192307692307 0.27163461538461536 0.051682692307692304 0.07692307692307693