3 0.12379807692307693 0.39903846153846156 0.11778846153846154 0.234375
3 0.21153846153846154 0.46634615384615385 0.1346153846153846 0.2548076923076923
3 0.296875 0.39903846153846156 0.10336538461538461 0.20793269230769232
3 0.375 0.4423076923076923 0.11538461538461539 0.23076923076923078
3 0.49759615384615385 0.4362980769230769 0.1141826923076923 0.21995192307692307
3 0.6033653846153846 0.5060096153846154 0.10096153846153846 0.23557692307692307
3 0.7235576923076923 0.4206730769230769 0.125 0.20793269230769232
3 0.828125 0.4543269230769231 0.1502403846153846 0.23918269230769232
0 0.1346153846153846 0.2091346153846154 0.06850961538461539 0.0829326923076923
0 0.21033653846153846 0.25841346153846156 0.06971153846153846 0.06370192307692307
0 0.30288461538461536 0.22235576923076922 0.055288461538461536 0.06610576923076923
0 0.3737980769230769 0.2512019230769231 0.06129807692307692 0.07451923076923077
0 0.4879807692307692 0.2548076923076923 0.06370192307692307 0.07451923076923077
0 0.5973557692307693 0.30288461538461536 0.0673076923076923 0.07211538461538461
0 0.7259615384615384 0.23798076923076922 0.06129807692307692 0.0733173076923077
0 0.8185096153846154 0.25961538461538464 0.08173076923076923 0.07932692307692307