2 0.12860576923076922 0.43149038461538464 0.0625 0.07932692307692307
2 0.2956730769230769 0.4567307692307692 0.057692307692307696 0.057692307692307696
2 0.36899038461538464 0.4567307692307692 0.040865384615384616 0.0733173076923077
2 0.640625 0.43509615384615385 0.05048076923076923 0.04567307692307692
2 0.7355769230769231 0.4567307692307692 0.07692307692307693 0.08653846153846154
3 0.09975961538461539 0.5264423076923077 0.11298076923076923 0.1778846153846154
3 0.2403846153846154 0.5432692307692307 0.11778846153846154 0.1502403846153846
3 0.6610576923076923 0.53125 0.06610576923076923 0.11899038461538461
3 0.7956730769230769 0.5612980769230769 0.13581730769230768 0.1778846153846154
3 0.41466346153846156 0.5288461538461539 0.03245192307692308 0.051682692307692304
3 0.3942307692307692 0.5120192307692307 0.025240384615384616 0.051682692307692304