0 0.5252403846153846 0.22355769230769232 0.055288461538461536 0.0625
0 0.5661057692307693 0.2247596153846154 0.04326923076923077 0.056490384615384616
0 0.7908653846153846 0.2439903846153846 0.057692307692307696 0.056490384615384616
5 0.6081730769230769 0.27163461538461536 0.056490384615384616 0.05048076923076923
5 0.6165865384615384 0.24639423076923078 0.051682692307692304 0.04807692307692308
5 0.6646634615384616 0.24639423076923078 0.057692307692307696 0.0625
5 0.7536057692307693 0.23197115384615385 0.036057692307692304 0.051682692307692304
5 0.8317307692307693 0.22355769230769232 0.055288461538461536 0.05889423076923077
5 0.8978365384615384 0.2283653846153846 0.0673076923076923 0.0625
4 0.7139423076923077 0.2091346153846154 0.05889423076923077 0.05889423076923077
3 0.5396634615384616 0.4098557692307692 0.1141826923076923 0.23798076923076922
3 0.453125 0.3798076923076923 0.05048076923076923 0.21514423076923078
3 0.48677884615384615 0.3125 0.04807692307692308 0.09975961538461539
3 0.6262019230769231 0.4543269230769231 0.06850961538461539 0.21153846153846154
3 0.7247596153846154 0.39783653846153844 0.11778846153846154 0.22596153846153846
3 0.8197115384615384 0.39663461538461536 0.055288461538461536 0.18389423076923078
3 0.9074519230769231 0.42788461538461536 0.12860576923076922 0.24519230769230768